191.457733	0.012593	0.224638	0.012806	0.273185	0.024093	0.332192	0.056288	0.411076	0.126537	0.514098	
193.053986	0.013037	0.225855	0.012969	0.274919	0.023947	0.336080	0.055626	0.413648	0.126474	0.516015	
194.650345	0.013112	0.228617	0.012910	0.277533	0.024045	0.337652	0.056172	0.416012	0.126194	0.519239	
196.246765	0.013364	0.229661	0.013038	0.279151	0.023731	0.340218	0.055626	0.418751	0.126028	0.521662	
197.843262	0.013453	0.230811	0.013049	0.280031	0.023712	0.341015	0.055309	0.419342	0.124999	0.521968	
199.439835	0.013671	0.231332	0.012913	0.280805	0.023486	0.342464	0.054698	0.419787	0.124146	0.520858	
201.036469	0.013688	0.231718	0.012907	0.281118	0.023066	0.342357	0.054001	0.419371	0.123068	0.520143	
202.633194	0.013682	0.232220	0.012774	0.281506	0.022790	0.342039	0.053522	0.419516	0.122033	0.519193	
204.229980	0.013801	0.233522	0.012685	0.282898	0.022574	0.343846	0.053013	0.421200	0.121090	0.521252	
205.826859	0.013868	0.234546	0.012592	0.283755	0.022278	0.345477	0.052516	0.422383	0.120682	0.522335	
207.423782	0.013823	0.235868	0.012469	0.284734	0.021894	0.346556	0.052032	0.423761	0.120249	0.524020	
209.020782	0.013851	0.237141	0.012360	0.286419	0.021770	0.347820	0.051580	0.425491	0.119301	0.525212	
210.617874	0.013875	0.237822	0.012213	0.287588	0.021326	0.348988	0.051019	0.426494	0.118529	0.526534	
212.215012	0.013976	0.238624	0.012060	0.288232	0.021040	0.349999	0.050488	0.427360	0.117921	0.527188	
213.812225	0.013775	0.239375	0.011958	0.289185	0.020764	0.350625	0.049877	0.428765	0.117383	0.528206	
215.409500	0.013823	0.240248	0.011731	0.289636	0.020402	0.351016	0.049453	0.429171	0.116277	0.528833	
217.006866	0.013775	0.240601	0.011600	0.289851	0.020039	0.351622	0.048921	0.429161	0.115503	0.528814	
218.604279	0.013720	0.240667	0.011437	0.289914	0.019656	0.351723	0.048242	0.428840	0.114756	0.528711	
220.201752	0.013601	0.240664	0.011142	0.290119	0.019316	0.351535	0.047749	0.428621	0.113831	0.528405	
221.799316	0.013557	0.240529	0.010943	0.289832	0.018973	0.351388	0.047145	0.428774	0.113033	0.527578	
223.396927	0.013379	0.240093	0.010730	0.289810	0.018620	0.350972	0.046674	0.428340	0.112256	0.527703	
224.994598	0.013342	0.240705	0.010593	0.290054	0.018243	0.351395	0.046097	0.428620	0.111773	0.528036	
226.592361	0.013204	0.241182	0.010295	0.290805	0.017933	0.351920	0.045713	0.429540	0.111383	0.529215	
228.190155	0.013008	0.240827	0.010105	0.289976	0.017606	0.351752	0.045468	0.428898	0.110807	0.528290	
229.788040	0.012835	0.240009	0.009837	0.289020	0.017240	0.350163	0.044925	0.427791	0.109925	0.526441	
231.385986	0.012590	0.238789	0.009599	0.287381	0.016963	0.347823	0.044214	0.425256	0.109011	0.523877	
232.983978	0.012411	0.237496	0.009347	0.286261	0.016586	0.347139	0.043775	0.423396	0.108286	0.522047	
234.582062	0.012196	0.236897	0.009153	0.285740	0.016360	0.346653	0.043483	0.423007	0.107967	0.521225	
236.180176	0.012052	0.237139	0.008992	0.286034	0.016214	0.346584	0.043439	0.423792	0.108169	0.522283	
237.778351	0.011883	0.237019	0.008817	0.285708	0.016083	0.346776	0.043367	0.423774	0.108102	0.523215	
239.376617	0.011669	0.236629	0.008639	0.285654	0.015936	0.346872	0.043313	0.423932	0.108163	0.523424	
240.974899	0.011499	0.235986	0.008486	0.285200	0.015835	0.346193	0.043200	0.423315	0.108172	0.523247	
242.573273	0.011277	0.235099	0.008337	0.283818	0.015735	0.345131	0.043047	0.422022	0.107942	0.521659	
244.171677	0.011140	0.234332	0.008190	0.283157	0.015599	0.343782	0.042946	0.420904	0.107978	0.521173	
245.770172	0.010903	0.233361	0.008090	0.281838	0.015558	0.343075	0.043044	0.420296	0.107996	0.519604	
247.368698	0.010783	0.232033	0.007989	0.280695	0.015498	0.341740	0.043023	0.418878	0.107937	0.518643	
248.967316	0.010635	0.231223	0.007894	0.280129	0.015513	0.340799	0.042930	0.418047	0.108058	0.517416	
250.565964	0.010487	0.230619	0.007858	0.279268	0.015550	0.340093	0.043260	0.417630	0.108372	0.517018	
252.164673	0.010410	0.230080	0.007792	0.278828	0.015523	0.339872	0.043306	0.416629	0.108710	0.517178	
253.763428	0.010339	0.229368	0.007809	0.278031	0.015633	0.338891	0.043592	0.416125	0.108934	0.516627	
255.362228	0.010293	0.229195	0.007809	0.278083	0.015645	0.339211	0.043804	0.416304	0.109280	0.516996	
256.961121	0.010176	0.228915	0.007792	0.277919	0.015770	0.339280	0.043901	0.416558	0.109659	0.517469	
258.560028	0.010190	0.228835	0.007825	0.277932	0.015951	0.338931	0.044168	0.416675	0.110134	0.517504	
260.158997	0.010142	0.228537	0.007868	0.277603	0.016018	0.339104	0.044425	0.416743	0.110504	0.517726	
261.758026	0.010113	0.228102	0.007926	0.277212	0.016134	0.338892	0.044612	0.416494	0.110730	0.517712	
263.357117	0.010106	0.228064	0.007993	0.276931	0.016269	0.338363	0.044801	0.416372	0.111110	0.517749	
264.956238	0.010168	0.227978	0.008028	0.276841	0.016412	0.337987	0.044978	0.416178	0.111363	0.517720	
266.555450	0.010207	0.227506	0.008110	0.275936	0.016471	0.337130	0.045148	0.416121	0.111411	0.517039	
268.154663	0.010199	0.227019	0.008215	0.275671	0.016633	0.336848	0.045229	0.415407	0.111590	0.516189	
269.753967	0.010245	0.226553	0.008315	0.275531	0.016787	0.336758	0.045316	0.414909	0.111543	0.516325	
271.353271	0.010363	0.226511	0.008367	0.275314	0.016931	0.336483	0.045312	0.414783	0.111553	0.515336	
272.952667	0.010342	0.227329	0.008522	0.275510	0.016988	0.337067	0.045743	0.415284	0.112011	0.516617	
274.552094	0.010556	0.227449	0.008638	0.276532	0.017198	0.337485	0.045767	0.415856	0.111883	0.517113	
276.151550	0.010647	0.228454	0.008739	0.277493	0.017293	0.338607	0.046001	0.417159	0.112467	0.518329	
277.751099	0.010738	0.228404	0.008822	0.277853	0.017482	0.338982	0.046182	0.417050	0.112593	0.519023	
279.350647	0.010928	0.228407	0.008944	0.277151	0.017517	0.338517	0.046095	0.417145	0.112447	0.518018	
280.950256	0.011075	0.228475	0.009067	0.277755	0.017533	0.339061	0.046216	0.417269	0.112401	0.519135	
282.549927	0.011213	0.229345	0.009243	0.278257	0.017695	0.340355	0.046368	0.418383	0.112720	0.519367	
284.149628	0.011412	0.230409	0.009307	0.279458	0.017762	0.341453	0.046462	0.419321	0.112610	0.520494	
285.749390	0.011536	0.231224	0.009413	0.280654	0.017866	0.341918	0.046471	0.421006	0.112902	0.522970	
287.349182	0.011647	0.232221	0.009521	0.281418	0.017843	0.342608	0.046386	0.420918	0.112804	0.522453	
288.949005	0.011796	0.232817	0.009625	0.282283	0.017961	0.343192	0.046372	0.421506	0.112779	0.524077	
290.548889	0.011988	0.233112	0.009723	0.282396	0.017965	0.344055	0.046329	0.421863	0.112263	0.524445	
292.148804	0.012134	0.233057	0.009878	0.282508	0.018042	0.344178	0.046182	0.422825	0.112175	0.523798	
293.748749	0.012274	0.234401	0.009995	0.283717	0.018010	0.345383	0.046086	0.423363	0.112287	0.525064	
295.348755	0.012457	0.234741	0.010077	0.284185	0.018159	0.346026	0.046107	0.424426	0.112043	0.525861	
296.948792	0.012547	0.235910	0.010177	0.284934	0.018099	0.346027	0.046028	0.424995	0.111677	0.526271	
298.548889	0.012772	0.236347	0.010250	0.286061	0.018122	0.346484	0.045994	0.425280	0.111375	0.526781	
300.148987	0.012956	0.237146	0.010376	0.286443	0.018067	0.348349	0.045896	0.425837	0.111350	0.527433	
301.749146	0.013116	0.238033	0.010422	0.287535	0.018171	0.348653	0.045931	0.426944	0.110697	0.528209	
303.349335	0.013276	0.238989	0.010588	0.288285	0.018235	0.350104	0.045529	0.428672	0.110574	0.530425	
304.949554	0.013435	0.239492	0.010654	0.289312	0.018055	0.350779	0.045516	0.428879	0.110528	0.530722	
306.549835	0.013629	0.240441	0.010732	0.290323	0.018104	0.351860	0.045352	0.429782	0.110325	0.530863	
308.150146	0.013790	0.241286	0.010816	0.290974	0.018134	0.352834	0.045370	0.430687	0.109995	0.532023	
309.750458	0.013966	0.242364	0.010886	0.291627	0.018121	0.354062	0.045113	0.431600	0.109780	0.533915	
311.350861	0.014134	0.243431	0.010924	0.292828	0.018080	0.354563	0.044895	0.432411	0.109200	0.534014	
312.951233	0.014359	0.244177	0.010998	0.294193	0.017959	0.355757	0.044854	0.433595	0.109260	0.535403	
314.551697	0.014393	0.244907	0.011106	0.294319	0.018002	0.356364	0.044761	0.434801	0.108811	0.535837	
316.152161	0.014573	0.246381	0.011150	0.296297	0.017901	0.357632	0.044524	0.436567	0.108484	0.537928	
317.752686	0.014849	0.246866	0.011214	0.296929	0.017829	0.359043	0.044359	0.437289	0.108091	0.538806	
319.353210	0.014934	0.248143	0.011240	0.297791	0.017825	0.360189	0.044145	0.438469	0.107699	0.540094	
320.953796	0.015150	0.249500	0.011302	0.298844	0.017727	0.360832	0.044006	0.438749	0.107451	0.540191	
322.554382	0.015125	0.249397	0.011306	0.298281	0.017644	0.360732	0.043456	0.438152	0.106395	0.538100	
324.155029	0.015238	0.248194	0.011339	0.297314	0.017380	0.358528	0.042929	0.436842	0.105891	0.537849	
325.755676	0.015116	0.248380	0.011367	0.298621	0.017517	0.361580	0.043607	0.440346	0.107280	0.543633	
327.356384	0.015610	0.254472	0.011476	0.304546	0.017465	0.367318	0.043315	0.444928	0.107153	0.548000	
328.957092	0.015837	0.253749	0.011528	0.303518	0.017362	0.366364	0.042957	0.443930	0.105603	0.545150	
330.557861	0.015872	0.253178	0.011535	0.303286	0.017111	0.365771	0.042616	0.443160	0.105202	0.544399	
332.158630	0.015971	0.254110	0.011516	0.303922	0.017092	0.365916	0.042470	0.444529	0.105022	0.546127	
333.759430	0.016136	0.254706	0.011583	0.304606	0.016968	0.367132	0.041949	0.445130	0.104397	0.546640	
335.360260	0.016200	0.255579	0.011611	0.305731	0.016815	0.367902	0.041730	0.445869	0.104135	0.547261	
336.961121	0.016283	0.256516	0.011570	0.305620	0.016773	0.368256	0.041650	0.446119	0.103303	0.547246	
338.562012	0.016414	0.257155	0.011585	0.306845	0.016689	0.368946	0.041478	0.447276	0.103092	0.547933	
340.162903	0.016572	0.257908	0.011590	0.308206	0.016602	0.370599	0.041207	0.448315	0.102665	0.549746	
341.763855	0.016573	0.258724	0.011580	0.309149	0.016512	0.371311	0.040955	0.448994	0.102517	0.549689	
343.364807	0.016729	0.259666	0.011647	0.309289	0.016397	0.371721	0.040728	0.449758	0.102140	0.551365	
344.965759	0.016862	0.260471	0.011652	0.310419	0.016298	0.372643	0.040588	0.451414	0.101864	0.552299	
346.566772	0.016888	0.261517	0.011648	0.311723	0.016169	0.373469	0.040266	0.452692	0.101535	0.553719	
348.167786	0.016971	0.261960	0.011654	0.311613	0.016014	0.373966	0.039927	0.451702	0.101242	0.553530	
349.768860	0.017028	0.262171	0.011627	0.312381	0.015925	0.374451	0.039764	0.453491	0.100797	0.553558	
351.369904	0.017172	0.263276	0.011642	0.313135	0.015755	0.375474	0.039582	0.454560	0.100606	0.554827	
352.971008	0.017289	0.263974	0.011664	0.314079	0.015735	0.376709	0.039299	0.455501	0.100337	0.556378	
354.572083	0.017405	0.264301	0.011632	0.315378	0.015586	0.377847	0.039162	0.456453	0.099964	0.557594	
356.173218	0.017351	0.265264	0.011653	0.315454	0.015469	0.378465	0.038907	0.456688	0.099444	0.557978	
357.774353	0.017561	0.266228	0.011598	0.316371	0.015398	0.379471	0.038546	0.458451	0.099133	0.559023	
359.375519	0.017628	0.267231	0.011553	0.317361	0.015217	0.379710	0.038263	0.458818	0.098614	0.560253	
360.976685	0.017646	0.267346	0.011572	0.318339	0.015156	0.381188	0.038087	0.460174	0.098296	0.560981	
362.577881	0.017743	0.268721	0.011526	0.319765	0.015024	0.382488	0.037814	0.461443	0.098489	0.563529	
364.179108	0.017802	0.269405	0.011514	0.320330	0.014841	0.382743	0.037439	0.461992	0.097875	0.564044	
365.780334	0.017931	0.270023	0.011512	0.320652	0.014637	0.383521	0.037248	0.462248	0.097392	0.563989	
367.381561	0.017861	0.270489	0.011356	0.321169	0.014490	0.383150	0.036823	0.462463	0.096680	0.563990	
368.982849	0.018015	0.270865	0.011304	0.321765	0.014393	0.384317	0.036741	0.463298	0.096283	0.565016	
370.584106	0.018102	0.271044	0.011268	0.321159	0.014246	0.384097	0.036371	0.462671	0.095804	0.563974	
372.185364	0.018080	0.270558	0.011285	0.320874	0.014119	0.383963	0.036081	0.461609	0.094929	0.563082	
373.786682	0.018064	0.269422	0.011343	0.320065	0.013923	0.382538	0.035623	0.460050	0.094255	0.561243	
375.388000	0.018261	0.269719	0.011300	0.319995	0.013834	0.381454	0.035317	0.460250	0.093822	0.560648	
376.989319	0.018225	0.270784	0.011291	0.320372	0.013739	0.382812	0.035227	0.460728	0.093422	0.560571	
378.590637	0.018318	0.271183	0.011316	0.320779	0.013629	0.383283	0.034938	0.460666	0.092942	0.560937	
380.191986	0.018431	0.271537	0.011335	0.321222	0.013565	0.383570	0.034568	0.460811	0.092638	0.560685	
381.793365	0.018449	0.271828	0.011268	0.321545	0.013332	0.384363	0.034386	0.461687	0.092244	0.561645	
383.394714	0.018558	0.272073	0.011258	0.321999	0.013276	0.384103	0.033987	0.461006	0.091500	0.561596	
384.996094	0.018688	0.272629	0.011273	0.322882	0.013146	0.384581	0.033831	0.462081	0.091428	0.562749	
386.597473	0.018635	0.272839	0.011259	0.322791	0.013039	0.385142	0.033553	0.462448	0.090797	0.562904	
388.198853	0.018708	0.273525	0.011142	0.323223	0.012832	0.385414	0.033277	0.462791	0.090280	0.562853	
389.800232	0.018813	0.274491	0.011107	0.323941	0.012683	0.385903	0.032932	0.462934	0.089563	0.562201	
391.401672	0.018796	0.274953	0.011110	0.324460	0.012535	0.386448	0.032667	0.463463	0.089215	0.562383	
393.003082	0.018889	0.275045	0.011067	0.324944	0.012414	0.386950	0.032428	0.463798	0.088752	0.562448	
394.604492	0.019058	0.275982	0.011026	0.325393	0.012220	0.387104	0.031968	0.463442	0.088354	0.562914	
396.205902	0.018996	0.276416	0.010961	0.326309	0.012022	0.387207	0.031634	0.463601	0.087849	0.563287	
397.807312	0.019107	0.276430	0.010978	0.326354	0.011826	0.387925	0.031378	0.464467	0.087457	0.562788	
399.408752	0.019189	0.277006	0.010871	0.326560	0.011707	0.387861	0.031104	0.464639	0.086857	0.562637	
401.010193	0.019222	0.277147	0.010819	0.326268	0.011522	0.386997	0.030817	0.464056	0.086207	0.562529	
402.611633	0.019192	0.277121	0.010704	0.326830	0.011377	0.387430	0.030563	0.463580	0.085880	0.562212	
404.213074	0.019158	0.277910	0.010595	0.326921	0.011128	0.387593	0.030190	0.464166	0.085266	0.562131	
405.814514	0.019137	0.278083	0.010541	0.327189	0.010962	0.388054	0.029790	0.464795	0.085214	0.562559	
407.415955	0.019175	0.278993	0.010428	0.327861	0.010775	0.389035	0.029594	0.465372	0.084693	0.563340	
409.017395	0.019125	0.278671	0.010294	0.327166	0.010559	0.388459	0.029199	0.464371	0.084386	0.562847	
410.618835	0.019056	0.279132	0.010165	0.327674	0.010320	0.388333	0.028928	0.463977	0.083895	0.562318	
412.220276	0.018903	0.278887	0.009974	0.327369	0.010153	0.387646	0.028681	0.463306	0.083445	0.561240	
413.821716	0.018813	0.278477	0.009792	0.327596	0.009887	0.387970	0.028477	0.463873	0.083361	0.561504	
415.423157	0.018681	0.278769	0.009608	0.327405	0.009665	0.387624	0.028131	0.463351	0.082958	0.560902	
417.024597	0.018589	0.279105	0.009406	0.327225	0.009463	0.387338	0.028093	0.463397	0.082826	0.561076	
418.626038	0.018321	0.278570	0.009180	0.326935	0.009231	0.386816	0.027861	0.462493	0.082704	0.560605	
420.227448	0.018152	0.278061	0.008971	0.325876	0.009044	0.385519	0.027634	0.461309	0.082728	0.559073	
421.828918	0.017841	0.277494	0.008669	0.324911	0.008842	0.384411	0.027639	0.460445	0.082618	0.557654	
423.430328	0.017566	0.276668	0.008538	0.324254	0.008688	0.383464	0.027545	0.459463	0.082707	0.556973	
425.031738	0.017269	0.275442	0.008279	0.323240	0.008536	0.382847	0.027433	0.458225	0.082843	0.556095	
426.633148	0.016902	0.274410	0.007955	0.322103	0.008388	0.381497	0.027427	0.457505	0.082902	0.555305	
428.234558	0.016523	0.273110	0.007662	0.320867	0.008246	0.380345	0.027535	0.455957	0.083351	0.554479	
429.835938	0.016162	0.271679	0.007416	0.318839	0.008133	0.377986	0.027662	0.453710	0.083626	0.552734	
431.437347	0.015828	0.270140	0.007141	0.317288	0.008120	0.376099	0.027723	0.451967	0.083923	0.551120	
433.038727	0.015355	0.268300	0.006958	0.315537	0.008110	0.374075	0.028056	0.451053	0.084319	0.549263	
434.640076	0.014901	0.266177	0.006719	0.313082	0.008086	0.372568	0.028384	0.448836	0.084941	0.548319	
436.241455	0.014450	0.263802	0.006484	0.310093	0.008182	0.369798	0.028600	0.446334	0.085525	0.545472	
437.842834	0.013969	0.261772	0.006248	0.307901	0.008278	0.367489	0.029015	0.443763	0.086182	0.543600	
439.444183	0.013529	0.259641	0.006071	0.306002	0.008385	0.365383	0.029419	0.441574	0.086820	0.541888	
441.045502	0.013050	0.257316	0.005959	0.303511	0.008582	0.363163	0.029929	0.439692	0.087767	0.539945	
442.646820	0.012653	0.254496	0.005830	0.300697	0.008769	0.360836	0.030455	0.437176	0.088676	0.538802	
444.248138	0.012243	0.252014	0.005777	0.298220	0.009082	0.358768	0.031140	0.435477	0.089623	0.537433	
445.849457	0.011868	0.249109	0.005749	0.295064	0.009397	0.355956	0.031789	0.433459	0.090482	0.535271	
447.450745	0.011494	0.246298	0.005805	0.292551	0.009795	0.353181	0.032588	0.431835	0.091329	0.534037	
449.052002	0.011243	0.243070	0.005881	0.290224	0.010202	0.351320	0.033207	0.429696	0.092252	0.531434	
450.653259	0.010964	0.240543	0.006000	0.287872	0.010647	0.348451	0.033954	0.427831	0.093106	0.530240	
452.254547	0.010806	0.238417	0.006174	0.286353	0.011212	0.347492	0.034682	0.426624	0.094227	0.530552	
453.855774	0.010718	0.236308	0.006460	0.284453	0.011731	0.346985	0.035507	0.426015	0.095109	0.529879	
455.456970	0.010697	0.234345	0.006823	0.283764	0.012372	0.346100	0.036234	0.425677	0.096142	0.530705	
457.058197	0.010809	0.232637	0.007248	0.282268	0.012967	0.344722	0.037132	0.426099	0.096880	0.530469	
458.659363	0.010972	0.231475	0.007746	0.281267	0.013686	0.345069	0.037843	0.426881	0.097528	0.530548	
460.260559	0.011303	0.230684	0.008315	0.281503	0.014369	0.345914	0.038563	0.427677	0.098065	0.531784	
461.861664	0.011704	0.230014	0.008887	0.281845	0.015087	0.346042	0.039172	0.427891	0.098546	0.532865	
463.462830	0.012255	0.230461	0.009633	0.282702	0.015841	0.347901	0.039762	0.430549	0.099192	0.536489	
465.063904	0.012981	0.231017	0.010431	0.283894	0.016590	0.349788	0.040443	0.433207	0.099439	0.539540	
466.665039	0.013733	0.232946	0.011253	0.286741	0.017305	0.352805	0.040923	0.437204	0.099543	0.542527	
468.266113	0.014624	0.234778	0.012152	0.289934	0.018052	0.356932	0.041350	0.441039	0.099175	0.545487	
469.867126	0.015720	0.237272	0.013125	0.292677	0.018787	0.360835	0.041702	0.444927	0.099217	0.549947	
471.468170	0.016894	0.240371	0.014233	0.296584	0.019491	0.365461	0.041820	0.449563	0.098732	0.554426	
473.069183	0.018281	0.244927	0.015311	0.301216	0.020204	0.370771	0.041911	0.455732	0.098269	0.560463	
474.670166	0.019752	0.249376	0.016503	0.306852	0.020843	0.376104	0.041961	0.461162	0.097268	0.565801	
476.271149	0.021366	0.255149	0.017696	0.312612	0.021464	0.382999	0.041801	0.467518	0.096217	0.570635	
477.872070	0.023014	0.260661	0.018966	0.319879	0.022060	0.389962	0.041522	0.474572	0.095167	0.577639	
479.472992	0.024765	0.267529	0.020190	0.327464	0.022523	0.397459	0.041077	0.481785	0.093838	0.584882	
481.073883	0.026682	0.274874	0.021469	0.335134	0.022979	0.405251	0.040491	0.488725	0.092252	0.591634	
482.674744	0.028531	0.281692	0.022708	0.341915	0.023313	0.412348	0.039829	0.495883	0.090218	0.597581	
484.275574	0.030625	0.288965	0.024013	0.349904	0.023559	0.420224	0.038916	0.503893	0.087746	0.602630	
485.876404	0.032822	0.298048	0.025310	0.359026	0.023843	0.428809	0.037966	0.512362	0.085699	0.610493	
487.477203	0.034815	0.305958	0.026423	0.366685	0.024012	0.437299	0.036931	0.519076	0.083374	0.616613	
489.077942	0.036855	0.313968	0.027616	0.375539	0.024107	0.445718	0.035860	0.527054	0.081081	0.623739	
490.678650	0.038961	0.322282	0.028867	0.384138	0.024111	0.453042	0.034549	0.534888	0.078236	0.629852	
492.279388	0.041176	0.331297	0.029862	0.391825	0.023903	0.460709	0.032963	0.541103	0.075168	0.635770	
493.880035	0.043255	0.339120	0.030943	0.400118	0.023713	0.467441	0.031356	0.547728	0.072204	0.641649	
495.480713	0.045242	0.347942	0.031844	0.408383	0.023364	0.474794	0.029678	0.554783	0.069137	0.647554	
497.081299	0.047265	0.356440	0.032685	0.415813	0.023015	0.482339	0.027911	0.560703	0.065802	0.651846	
498.681885	0.049292	0.365266	0.033467	0.423386	0.022583	0.490473	0.026062	0.566942	0.062749	0.657896	
500.282410	0.051125	0.372449	0.034186	0.430235	0.022146	0.498177	0.024280	0.572534	0.059524	0.661932	
501.882965	0.052918	0.380121	0.034868	0.437914	0.021551	0.504808	0.022395	0.578265	0.056304	0.666100	
503.483459	0.054507	0.386878	0.035355	0.444195	0.020850	0.509384	0.020522	0.582740	0.053264	0.670940	
505.083893	0.055870	0.392300	0.035702	0.448825	0.020052	0.512436	0.018558	0.585535	0.050123	0.672331	
506.684326	0.057317	0.399253	0.036050	0.455447	0.019328	0.518139	0.016699	0.589952	0.047153	0.675902	
508.284729	0.058502	0.404443	0.036262	0.460298	0.018440	0.522076	0.014817	0.593706	0.044287	0.677939	
509.885071	0.059651	0.409687	0.036366	0.464182	0.017526	0.525547	0.013077	0.597056	0.041697	0.679545	
511.485352	0.060552	0.414434	0.036334	0.468547	0.016569	0.528492	0.011314	0.599727	0.039321	0.681599	
513.085632	0.061383	0.419837	0.036192	0.472310	0.015667	0.531681	0.009666	0.602653	0.037130	0.683861	
514.685913	0.062178	0.425120	0.036016	0.477082	0.014703	0.535300	0.008102	0.605226	0.035363	0.687840	
516.286072	0.062428	0.427396	0.035681	0.479762	0.013723	0.536952	0.006720	0.605976	0.033830	0.689533	
517.886292	0.062416	0.428793	0.035095	0.479148	0.012768	0.536554	0.005508	0.602947	0.032351	0.684333	
519.486450	0.062127	0.428410	0.034283	0.476108	0.011781	0.533262	0.004373	0.598080	0.030993	0.677099	
521.086487	0.062578	0.433528	0.033927	0.480871	0.010928	0.536174	0.003453	0.603259	0.030453	0.682255	
522.686584	0.062022	0.432654	0.033111	0.479825	0.009950	0.533661	0.002586	0.600095	0.029907	0.678282	
524.286560	0.061468	0.432866	0.032251	0.479375	0.009078	0.533133	0.001955	0.598911	0.029895	0.678198	
525.886536	0.060913	0.433250	0.031352	0.478336	0.008252	0.532477	0.001488	0.597417	0.030296	0.677171	
527.486450	0.060014	0.432085	0.030426	0.476776	0.007473	0.530553	0.001229	0.594534	0.030892	0.674960	
529.086365	0.059035	0.431184	0.029444	0.475076	0.006743	0.528184	0.001174	0.591639	0.031916	0.673130	
530.686218	0.057835	0.429069	0.028278	0.471735	0.006029	0.523332	0.001302	0.586630	0.033170	0.667603	
532.286011	0.056710	0.426709	0.027205	0.468914	0.005467	0.520329	0.001620	0.584292	0.034775	0.664624	
533.885803	0.055169	0.422941	0.026000	0.464890	0.004941	0.515380	0.002140	0.578983	0.036622	0.658484	
535.485474	0.053676	0.419071	0.024861	0.461134	0.004487	0.510130	0.002850	0.573880	0.038998	0.655162	
537.085144	0.051828	0.413977	0.023545	0.453688	0.004132	0.503366	0.003737	0.566085	0.041338	0.647657	
538.684814	0.050149	0.409855	0.022311	0.448178	0.003841	0.496483	0.004805	0.559629	0.044001	0.640440	
540.284363	0.048355	0.404687	0.021139	0.442821	0.003668	0.489628	0.006045	0.551750	0.046927	0.632767	
541.883911	0.046422	0.398943	0.019957	0.436121	0.003544	0.481913	0.007437	0.543823	0.050027	0.625553	
543.483398	0.044550	0.393592	0.018809	0.430126	0.003553	0.475252	0.009009	0.536509	0.053635	0.619646	
545.082886	0.042478	0.386632	0.017543	0.422253	0.003613	0.466295	0.010713	0.528052	0.057042	0.609707	
546.682251	0.040302	0.379013	0.016388	0.413021	0.003767	0.456494	0.012536	0.518069	0.060595	0.600347	
548.281616	0.038228	0.371462	0.015306	0.405420	0.004027	0.448215	0.014444	0.508931	0.064443	0.591961	
549.880920	0.036054	0.362556	0.014221	0.395639	0.004354	0.438988	0.016437	0.498837	0.068392	0.582419	
551.480164	0.033793	0.352767	0.013117	0.384511	0.004718	0.425832	0.018497	0.486930	0.071983	0.570143	
553.079346	0.031679	0.343732	0.012141	0.374789	0.005189	0.415329	0.020638	0.476132	0.075797	0.558807	
554.678528	0.029558	0.334365	0.011196	0.364016	0.005767	0.405028	0.022829	0.464156	0.079775	0.548541	
556.277649	0.027475	0.324542	0.010339	0.353747	0.006372	0.393414	0.025055	0.452115	0.083534	0.536150	
557.876648	0.025355	0.313890	0.009498	0.342254	0.007043	0.381109	0.027428	0.440093	0.087504	0.524842	
559.475647	0.023374	0.304239	0.008752	0.330810	0.007768	0.369252	0.029760	0.428170	0.091587	0.513851	
561.074585	0.021497	0.294817	0.008123	0.320550	0.008604	0.358108	0.032247	0.417267	0.095691	0.503670	
562.673462	0.019619	0.284114	0.007513	0.309022	0.009478	0.345930	0.034636	0.404903	0.099559	0.491755	
564.272339	0.017756	0.272180	0.006992	0.297060	0.010336	0.332766	0.036924	0.391711	0.103284	0.479441	
565.871094	0.015957	0.261220	0.006510	0.284421	0.011270	0.319786	0.039142	0.377800	0.106809	0.466991	
567.469849	0.014229	0.249835	0.006091	0.271769	0.012227	0.307829	0.041386	0.365009	0.109810	0.453304	
569.068481	0.012623	0.238261	0.005768	0.259966	0.013266	0.295892	0.043804	0.353057	0.113228	0.441434	
570.667114	0.011129	0.227387	0.005530	0.248799	0.014275	0.283915	0.046018	0.341012	0.116816	0.431840	
572.265686	0.009745	0.216828	0.005360	0.238042	0.015328	0.272064	0.048089	0.329462	0.120001	0.421801	
573.864136	0.008472	0.206225	0.005248	0.226949	0.016333	0.261130	0.050260	0.319116	0.123142	0.412224	
575.462646	0.007267	0.195413	0.005182	0.215390	0.017330	0.249425	0.052175	0.308114	0.125408	0.400950	
577.060974	0.006205	0.185150	0.005202	0.204805	0.018384	0.238995	0.054156	0.297954	0.127982	0.392232	
578.659302	0.005214	0.174839	0.005276	0.194590	0.019403	0.228994	0.055852	0.288900	0.130317	0.383749	
580.257629	0.004340	0.165439	0.005439	0.184939	0.020474	0.219867	0.057896	0.280915	0.132835	0.376750	
581.855835	0.003581	0.156673	0.005655	0.176170	0.021547	0.211996	0.059697	0.273472	0.135125	0.370737	
583.453979	0.002940	0.148383	0.005957	0.168789	0.022668	0.205174	0.061315	0.266653	0.137433	0.365852	
585.052063	0.002392	0.140439	0.006268	0.161383	0.023696	0.198343	0.062817	0.260901	0.139128	0.361125	
586.650024	0.001930	0.132615	0.006637	0.153847	0.024814	0.192011	0.064393	0.255704	0.140885	0.357385	
588.248047	0.001586	0.125441	0.007048	0.147359	0.025856	0.186975	0.065838	0.251838	0.142895	0.355702	
589.845947	0.001342	0.118722	0.007525	0.141822	0.026800	0.182442	0.067082	0.248823	0.144237	0.353757	
591.443726	0.001209	0.113005	0.008073	0.136862	0.027782	0.179197	0.068347	0.247279	0.145664	0.353624	
593.041565	0.001163	0.107735	0.008652	0.132894	0.028809	0.176884	0.069547	0.246449	0.146908	0.354177	
594.639282	0.001225	0.103332	0.009300	0.130317	0.029753	0.175251	0.070786	0.246836	0.147873	0.355602	
596.236877	0.001385	0.099637	0.009943	0.127766	0.030660	0.174265	0.071759	0.247687	0.148456	0.357248	
597.834473	0.001649	0.097345	0.010640	0.126720	0.031575	0.174589	0.072636	0.249591	0.149269	0.360594	
599.432007	0.001989	0.095110	0.011398	0.126346	0.032380	0.175570	0.073626	0.253121	0.149838	0.364472	
601.029419	0.002429	0.093360	0.012137	0.126282	0.033303	0.177532	0.074364	0.256425	0.150209	0.369004	
602.626770	0.002931	0.092411	0.012944	0.127112	0.034148	0.180253	0.074756	0.259834	0.150424	0.374237	
604.224060	0.003520	0.092505	0.013750	0.128737	0.034980	0.183786	0.075444	0.264864	0.150751	0.380357	
605.821350	0.004165	0.092949	0.014522	0.130788	0.035799	0.188179	0.075914	0.270781	0.150736	0.386489	
607.418518	0.004901	0.094237	0.015393	0.133983	0.036532	0.193127	0.076344	0.276745	0.151114	0.393999	
609.015564	0.005725	0.095970	0.016329	0.137881	0.037151	0.198044	0.076750	0.283846	0.151059	0.401697	
610.612671	0.006567	0.098250	0.017179	0.141995	0.037870	0.203939	0.077113	0.291130	0.150777	0.409288	
612.209595	0.007497	0.101411	0.018047	0.146445	0.038623	0.211096	0.077472	0.299197	0.150458	0.417104	
613.806519	0.008475	0.105099	0.018925	0.151525	0.039273	0.218115	0.077835	0.307913	0.150458	0.426611	
615.403259	0.009503	0.109182	0.019832	0.157319	0.039850	0.225227	0.077945	0.315864	0.150354	0.435908	
617.000061	0.010537	0.113201	0.020728	0.163182	0.040308	0.232036	0.077847	0.324078	0.149329	0.443018	
618.596741	0.011669	0.118589	0.021717	0.170248	0.041009	0.240694	0.078123	0.333972	0.149117	0.453448	
620.193298	0.012772	0.123403	0.022485	0.175957	0.041315	0.247738	0.077749	0.341729	0.148349	0.461969	
621.789856	0.013918	0.128861	0.023410	0.183232	0.041638	0.255348	0.077518	0.349765	0.147259	0.469808	
623.386292	0.015128	0.134859	0.024353	0.190872	0.042087	0.263869	0.077369	0.359315	0.146053	0.477514	
624.982666	0.016319	0.140462	0.025196	0.197871	0.042353	0.271655	0.077155	0.368848	0.144729	0.484686	
626.578979	0.017500	0.146610	0.026051	0.205266	0.042710	0.280018	0.076858	0.377296	0.143845	0.493900	
628.175171	0.018781	0.153288	0.026978	0.213580	0.043037	0.288752	0.076381	0.385709	0.142987	0.502905	
629.771362	0.020104	0.160393	0.027873	0.221297	0.043354	0.297660	0.075912	0.394300	0.141823	0.511351	
631.367371	0.021419	0.167583	0.028706	0.228885	0.043670	0.306343	0.075434	0.403276	0.140980	0.521209	
632.963379	0.022693	0.174416	0.029575	0.237434	0.043926	0.315313	0.075048	0.412157	0.139815	0.529592	
634.559265	0.023989	0.181088	0.030382	0.244818	0.043991	0.322509	0.074394	0.420271	0.137907	0.535654	
636.155151	0.025355	0.188487	0.031254	0.253306	0.044348	0.332521	0.073871	0.428751	0.136585	0.544108	
637.750854	0.026683	0.195680	0.032054	0.261263	0.044662	0.341520	0.073347	0.437612	0.135691	0.553055	
639.346558	0.028080	0.203511	0.032938	0.269410	0.044767	0.350015	0.072677	0.445503	0.134251	0.561180	
640.942139	0.029480	0.211124	0.033745	0.277703	0.044895	0.358299	0.071762	0.452517	0.132521	0.566971	
642.537659	0.030877	0.219122	0.034619	0.286525	0.045216	0.367910	0.071264	0.462143	0.130946	0.575080	
644.133057	0.032273	0.226910	0.035456	0.294519	0.045228	0.375940	0.070602	0.470557	0.129484	0.582355	
645.728394	0.033568	0.233534	0.036129	0.301686	0.045106	0.382603	0.069699	0.477192	0.127410	0.586955	
647.323669	0.034715	0.239468	0.036694	0.308216	0.044790	0.387634	0.068594	0.482443	0.124954	0.589935	
648.918823	0.036044	0.246761	0.037465	0.315782	0.044815	0.395693	0.067696	0.489549	0.123446	0.597744	
650.513977	0.037360	0.253960	0.037983	0.321833	0.044598	0.401747	0.066758	0.496030	0.121953	0.604821	
652.109009	0.038734	0.261412	0.038637	0.329209	0.044522	0.408543	0.065778	0.502363	0.120111	0.610841	
653.703918	0.040098	0.268824	0.039385	0.337101	0.044447	0.415993	0.064679	0.508330	0.118307	0.617170	
655.298706	0.041230	0.274122	0.039802	0.341743	0.043987	0.419813	0.063122	0.511964	0.115001	0.617206	
656.893433	0.042467	0.280396	0.040426	0.348172	0.043915	0.426391	0.062275	0.517589	0.113468	0.622833	
658.488159	0.043605	0.286684	0.041063	0.354911	0.043807	0.431994	0.061680	0.524509	0.112539	0.630277	
660.082703	0.044774	0.293337	0.041785	0.363014	0.043786	0.439679	0.061228	0.533508	0.111460	0.638754	
661.677185	0.045980	0.299673	0.042366	0.369618	0.043615	0.446350	0.060160	0.540560	0.109075	0.642416	
663.271606	0.047218	0.306123	0.042795	0.374991	0.043363	0.452295	0.058990	0.545575	0.106635	0.644797	
664.865906	0.048311	0.311948	0.043205	0.380699	0.043006	0.456961	0.057622	0.548305	0.104570	0.649266	
666.460144	0.049419	0.317505	0.043899	0.387888	0.042670	0.461764	0.056476	0.553228	0.102512	0.652913	
668.054321	0.050587	0.323329	0.044339	0.393338	0.042555	0.468279	0.055475	0.558038	0.100492	0.656552	
669.648315	0.051762	0.329430	0.044686	0.397826	0.042280	0.473418	0.054262	0.562268	0.098444	0.660835	
671.242310	0.053107	0.336306	0.045290	0.404503	0.042133	0.480296	0.053367	0.568447	0.097145	0.668015	
672.836121	0.054032	0.341002	0.045587	0.408688	0.041745	0.484183	0.051948	0.569549	0.094785	0.669509	
674.429871	0.054828	0.345324	0.045833	0.412321	0.041297	0.487323	0.050552	0.571290	0.092375	0.670045	
676.023560	0.055970	0.350599	0.046269	0.417638	0.040976	0.491885	0.049546	0.576624	0.090615	0.674752	
677.617126	0.056862	0.355113	0.046607	0.421854	0.040581	0.496152	0.048549	0.581754	0.088686	0.678490	
679.210571	0.058034	0.361190	0.046984	0.427219	0.040295	0.500851	0.047347	0.584267	0.086848	0.682397	
680.804016	0.058784	0.364821	0.047128	0.430352	0.039819	0.504115	0.046007	0.586084	0.084698	0.684189	
682.397339	0.059853	0.370087	0.047439	0.434598	0.039480	0.508662	0.045102	0.592510	0.082690	0.686743	
683.990479	0.060640	0.373973	0.047731	0.438976	0.039072	0.512693	0.044044	0.596794	0.080852	0.690350	
685.583618	0.061505	0.378875	0.048175	0.444614	0.038644	0.516196	0.043058	0.601907	0.079266	0.695505	
687.176636	0.062632	0.384246	0.048563	0.449836	0.038399	0.521669	0.041898	0.604938	0.077292	0.697529	
688.769470	0.063223	0.387384	0.048677	0.452828	0.037942	0.524379	0.040808	0.608384	0.075482	0.699934	
690.362305	0.063964	0.391166	0.048751	0.455014	0.037433	0.526678	0.039611	0.610291	0.073323	0.699729	
691.955017	0.064785	0.395216	0.048967	0.459070	0.037019	0.530349	0.038473	0.612809	0.071368	0.701147	
693.547607	0.065235	0.396730	0.049096	0.461557	0.036514	0.532018	0.037185	0.612643	0.069458	0.702269	
695.140137	0.065729	0.399393	0.049121	0.464071	0.036063	0.535104	0.036094	0.614744	0.067557	0.702551	
696.732544	0.066580	0.403771	0.049198	0.466523	0.035643	0.537584	0.035095	0.618325	0.065769	0.704630	
698.324829	0.067219	0.407584	0.049422	0.470675	0.035049	0.539122	0.033953	0.620073	0.064024	0.706270	
699.917053	0.067840	0.410692	0.049663	0.474583	0.034707	0.542450	0.032943	0.623273	0.062483	0.709260	
701.509155	0.068219	0.411770	0.049781	0.477698	0.034094	0.543270	0.031841	0.623858	0.060766	0.710073	
703.101196	0.069130	0.417378	0.050062	0.482220	0.033727	0.547087	0.030807	0.626032	0.059495	0.716092	
704.693054	0.070528	0.424989	0.050475	0.488230	0.033431	0.552455	0.029914	0.631152	0.058289	0.722398	
706.284851	0.070835	0.427182	0.050468	0.490197	0.032938	0.553860	0.028819	0.631698	0.056575	0.722600	
707.876587	0.071334	0.429452	0.050452	0.492040	0.032659	0.558863	0.027963	0.636251	0.054972	0.723008	
709.468140	0.071598	0.430695	0.050139	0.491547	0.032130	0.560564	0.026956	0.638139	0.053284	0.723392	
711.059631	0.071874	0.432221	0.049918	0.492141	0.031519	0.560516	0.025917	0.638312	0.051747	0.723497	
712.651001	0.072137	0.434091	0.049897	0.493754	0.030983	0.561773	0.025001	0.641372	0.050148	0.723756	
714.242249	0.072565	0.436264	0.050014	0.497733	0.030527	0.563731	0.024035	0.642793	0.048817	0.726397	
715.833374	0.072930	0.438197	0.049874	0.498699	0.029935	0.563494	0.023025	0.642542	0.047334	0.726484	
717.424438	0.073389	0.440848	0.050077	0.502716	0.029587	0.567661	0.022187	0.645934	0.046398	0.732978	
719.015442	0.073896	0.443709	0.050019	0.504662	0.029129	0.569554	0.021181	0.644263	0.044960	0.732812	
720.606262	0.074005	0.444558	0.049768	0.504818	0.028532	0.569494	0.020238	0.644086	0.043532	0.730819	
722.196960	0.074097	0.446229	0.049364	0.503708	0.027954	0.568600	0.019338	0.643703	0.042190	0.730396	
723.787598	0.074914	0.450454	0.049557	0.508922	0.027681	0.573749	0.018597	0.648407	0.041311	0.735541	
725.378052	0.075217	0.453400	0.049639	0.511420	0.027359	0.576693	0.017875	0.649343	0.040201	0.734074	
726.968445	0.075322	0.454411	0.049404	0.512125	0.026829	0.576840	0.017089	0.649623	0.039003	0.733704	
728.558716	0.074981	0.451999	0.048936	0.510453	0.026215	0.574445	0.016204	0.647790	0.037601	0.730156	
730.148926	0.074651	0.450830	0.048663	0.509776	0.025535	0.571081	0.015352	0.646736	0.036402	0.728045	
731.738953	0.075465	0.456024	0.048839	0.514673	0.025174	0.574769	0.014658	0.651086	0.035578	0.733243	
733.328918	0.075616	0.457702	0.048793	0.517736	0.024764	0.577574	0.013905	0.651474	0.034664	0.736305	
734.918762	0.076044	0.460907	0.048289	0.515483	0.024278	0.577756	0.013103	0.648924	0.033616	0.734066	
736.508423	0.076208	0.462471	0.048113	0.516805	0.023766	0.577944	0.012381	0.648374	0.032847	0.737243	
738.098022	0.076278	0.463410	0.048076	0.518901	0.023291	0.577915	0.011722	0.649880	0.032010	0.738614	
739.687561	0.076430	0.465120	0.047727	0.518449	0.022822	0.578361	0.011068	0.650880	0.031129	0.737363	
741.276917	0.076564	0.466585	0.047585	0.520402	0.022488	0.581643	0.010454	0.653105	0.030382	0.738513	
742.866150	0.077004	0.469784	0.047585	0.523365	0.022175	0.584562	0.009893	0.656925	0.029610	0.738579	
744.455322	0.077033	0.471558	0.047423	0.525003	0.021704	0.585124	0.009286	0.656270	0.029015	0.740984	
746.044312	0.076864	0.471091	0.047119	0.525174	0.021235	0.584530	0.008726	0.657537	0.028326	0.741060	
747.633179	0.076331	0.469227	0.046572	0.522663	0.020763	0.583717	0.008139	0.655823	0.027666	0.739077	
749.221985	0.075849	0.467521	0.046191	0.521170	0.020242	0.582001	0.007551	0.652567	0.026977	0.737835	
750.810669	0.075563	0.466566	0.045925	0.521994	0.019815	0.582407	0.007031	0.652947	0.026395	0.737275	
752.399170	0.075953	0.470471	0.045757	0.523325	0.019428	0.582978	0.006562	0.655573	0.025821	0.735793	
753.987610	0.076092	0.471963	0.045679	0.526476	0.019125	0.587020	0.006108	0.656836	0.025423	0.737829	
755.575867	0.075725	0.471103	0.045324	0.526012	0.018722	0.587446	0.005617	0.655558	0.025048	0.739126	
757.164063	0.075670	0.471911	0.044871	0.524944	0.018268	0.584835	0.005175	0.655364	0.024597	0.738485	
758.752136	0.075644	0.473412	0.044649	0.525123	0.017872	0.585395	0.004739	0.653300	0.024283	0.737526	
760.340027	0.075137	0.471781	0.044430	0.526551	0.017492	0.585421	0.004327	0.651828	0.023865	0.736946	
761.927856	0.074849	0.471675	0.044117	0.526988	0.017046	0.584201	0.003958	0.652134	0.023644	0.739083	
763.515503	0.074554	0.470462	0.043705	0.526044	0.016666	0.582995	0.003601	0.652487	0.023340	0.736644	
765.103149	0.074367	0.471150	0.043355	0.525212	0.016307	0.583779	0.003270	0.655549	0.023086	0.734500	
766.690552	0.074223	0.471868	0.042872	0.524909	0.015881	0.581845	0.002940	0.653862	0.022876	0.733556	
768.277832	0.073702	0.470980	0.042707	0.525520	0.015487	0.580998	0.002638	0.654048	0.022749	0.734121	
769.865051	0.073265	0.469189	0.042124	0.523040	0.015132	0.579652	0.002340	0.650968	0.022571	0.731809	
771.452026	0.073087	0.469107	0.041886	0.524801	0.014822	0.580107	0.002072	0.650509	0.022524	0.732756	
773.039001	0.072996	0.470569	0.041684	0.525726	0.014447	0.580782	0.001831	0.651295	0.022486	0.734247	
774.625793	0.072669	0.470562	0.041377	0.525332	0.014198	0.582801	0.001606	0.652679	0.022518	0.734960	
776.212463	0.072421	0.471383	0.041031	0.525813	0.013821	0.580167	0.001390	0.651028	0.022510	0.733085	
777.799011	0.072026	0.470136	0.040359	0.522431	0.013459	0.578244	0.001189	0.647882	0.022508	0.731737	
779.385376	0.071451	0.468904	0.040169	0.523430	0.013159	0.578921	0.001015	0.650140	0.022670	0.733776	
780.971680	0.070974	0.467499	0.039677	0.521944	0.012871	0.579112	0.000855	0.649494	0.022693	0.731253	
782.557861	0.070906	0.468040	0.039313	0.521250	0.012517	0.578320	0.000711	0.649089	0.022744	0.730301	
784.143860	0.070351	0.466967	0.038914	0.520822	0.012251	0.576955	0.000583	0.646314	0.022966	0.729673	
785.729736	0.069903	0.465706	0.038413	0.517611	0.011943	0.575461	0.000476	0.642290	0.023104	0.728169	
787.315491	0.069304	0.463993	0.037937	0.514873	0.011635	0.573542	0.000380	0.641409	0.023227	0.725354	
788.901123	0.069651	0.469042	0.037684	0.517295	0.011408	0.577410	0.000312	0.645127	0.023699	0.729640	
790.486633	0.069196	0.467924	0.037201	0.515443	0.011142	0.575044	0.000249	0.642479	0.023825	0.725843	
792.071960	0.068453	0.464964	0.036587	0.511584	0.010774	0.570437	0.000201	0.639696	0.023975	0.720141	
793.657166	0.067818	0.462461	0.036097	0.509606	0.010541	0.569309	0.000175	0.638734	0.024229	0.718178	
795.242249	0.067526	0.463107	0.035833	0.510075	0.010307	0.568716	0.000163	0.637477	0.024683	0.721315	
796.827209	0.067166	0.462972	0.035512	0.510383	0.010080	0.569569	0.000167	0.639230	0.025103	0.721348	
798.411987	0.066847	0.463112	0.035237	0.510769	0.009834	0.568183	0.000182	0.638713	0.025402	0.717962	
799.996704	0.066344	0.462426	0.034922	0.509732	0.009619	0.568893	0.000213	0.634190	0.025818	0.718124	
801.581177	0.065726	0.460272	0.034452	0.509492	0.009381	0.567271	0.000255	0.631537	0.026406	0.720137	
803.165649	0.065061	0.458269	0.034179	0.509178	0.009179	0.566926	0.000320	0.631214	0.026855	0.719523	
804.749878	0.064611	0.457597	0.033680	0.506505	0.008989	0.566090	0.000390	0.629252	0.027206	0.715619	
806.333984	0.064152	0.457092	0.033106	0.503964	0.008739	0.565042	0.000484	0.629088	0.027714	0.716071	
807.917969	0.063822	0.458224	0.032716	0.502831	0.008559	0.563367	0.000581	0.629791	0.028291	0.715175	
809.501831	0.063271	0.455167	0.032174	0.499715	0.008337	0.560168	0.000694	0.626985	0.028850	0.713566	
811.085510	0.062678	0.453779	0.031812	0.499087	0.008111	0.558779	0.000815	0.625555	0.029327	0.712028	
812.669067	0.061539	0.448673	0.031412	0.497014	0.007881	0.555084	0.000949	0.622841	0.029709	0.705522	
814.252502	0.061282	0.448743	0.031028	0.495495	0.007736	0.554556	0.001101	0.621509	0.030150	0.702170	
815.835754	0.060944	0.449192	0.030595	0.494326	0.007574	0.552588	0.001261	0.619641	0.030926	0.703394	
817.418884	0.060404	0.448489	0.030151	0.492788	0.007379	0.550088	0.001436	0.619759	0.031682	0.705433	
819.001831	0.059865	0.447177	0.029822	0.491575	0.007224	0.547807	0.001620	0.615656	0.032197	0.701405	
820.584656	0.059444	0.446633	0.029422	0.490255	0.007093	0.547724	0.001816	0.614691	0.032738	0.698014	
822.167358	0.058719	0.444018	0.028978	0.487952	0.006935	0.546162	0.002021	0.613836	0.033436	0.695935	
823.750000	0.058090	0.442248	0.028500	0.485697	0.006777	0.545121	0.002246	0.611209	0.034058	0.694710	
825.332336	0.057643	0.441436	0.028117	0.483262	0.006680	0.542833	0.002465	0.611380	0.034647	0.691726	
826.914673	0.057063	0.440208	0.027638	0.481544	0.006525	0.541776	0.002688	0.609936	0.035309	0.690790	
828.496704	0.056643	0.440084	0.027467	0.482761	0.006379	0.539107	0.002961	0.609781	0.036238	0.691237	
830.078735	0.056147	0.438904	0.027272	0.484203	0.006272	0.538559	0.003228	0.605966	0.036989	0.691203	
831.660522	0.055353	0.435125	0.026825	0.481580	0.006140	0.535259	0.003464	0.602735	0.037624	0.688154	
833.242188	0.054531	0.432479	0.026419	0.479898	0.006040	0.533720	0.003753	0.601107	0.038381	0.686352	
834.823730	0.054456	0.434746	0.026145	0.480374	0.006004	0.536546	0.004040	0.601883	0.039504	0.690829	
836.405090	0.053977	0.433725	0.025725	0.477563	0.005902	0.533496	0.004334	0.599221	0.040243	0.689535	
837.986206	0.053146	0.430037	0.025183	0.472922	0.005759	0.528295	0.004603	0.593971	0.040739	0.681927	
839.567261	0.052450	0.427543	0.024744	0.470329	0.005683	0.524990	0.004897	0.592242	0.041443	0.679972	
841.148254	0.051768	0.424735	0.024376	0.468356	0.005577	0.523281	0.005266	0.594101	0.042258	0.678504	
842.729004	0.051340	0.424886	0.023986	0.466516	0.005502	0.520033	0.005603	0.593257	0.043151	0.678011	
844.309570	0.050854	0.423880	0.023676	0.466342	0.005443	0.519192	0.005905	0.591151	0.044106	0.677977	
845.890015	0.050057	0.420030	0.023186	0.462112	0.005365	0.514253	0.006227	0.586049	0.044835	0.675659	
847.470398	0.049143	0.416539	0.022691	0.458019	0.005328	0.514045	0.006577	0.583676	0.045668	0.672975	
849.050476	0.048644	0.414337	0.022333	0.455644	0.005273	0.511702	0.006941	0.582306	0.046494	0.670983	
850.630493	0.047992	0.412702	0.022051	0.454537	0.005233	0.510077	0.007283	0.580973	0.047386	0.670026	
852.210327	0.047225	0.409584	0.021661	0.452658	0.005192	0.507334	0.007647	0.577673	0.048039	0.664446	
853.790039	0.046442	0.406204	0.021332	0.450695	0.005133	0.503460	0.007967	0.572766	0.048835	0.661609	
855.369507	0.046237	0.407727	0.021042	0.450111	0.005114	0.503839	0.008370	0.571678	0.049754	0.660975	
856.948914	0.045675	0.405253	0.020773	0.449973	0.005074	0.500475	0.008704	0.568730	0.050517	0.658274	
858.528137	0.044809	0.401941	0.020282	0.445828	0.005019	0.495148	0.009060	0.564287	0.051075	0.652210	
860.107239	0.044376	0.401473	0.019917	0.442774	0.005014	0.495392	0.009465	0.561229	0.052134	0.654019	
861.686035	0.043899	0.399762	0.019687	0.442747	0.005012	0.495079	0.009868	0.560052	0.052904	0.651025	
863.264832	0.043147	0.396907	0.019388	0.441609	0.005009	0.492233	0.010281	0.559927	0.053820	0.649313	
864.843384	0.042351	0.392798	0.018948	0.436911	0.004976	0.486334	0.010652	0.555485	0.054181	0.641146	
866.421753	0.042007	0.392812	0.018760	0.438701	0.005025	0.487383	0.011108	0.555507	0.055423	0.643999	
868.000000	0.041469	0.391402	0.018486	0.436943	0.005020	0.485692	0.011527	0.554234	0.056776	0.646897	
869.578125	0.040572	0.385702	0.018016	0.430985	0.004980	0.479718	0.011953	0.551086	0.057295	0.640557	
871.156067	0.040254	0.385655	0.017795	0.431639	0.005014	0.479901	0.012372	0.548957	0.058200	0.638367	
872.733765	0.039301	0.380574	0.017299	0.426150	0.005023	0.475009	0.012696	0.543570	0.058818	0.633074	
874.311401	0.038846	0.379546	0.016970	0.422666	0.005054	0.474218	0.013145	0.542443	0.059818	0.631903	
875.888855	0.038271	0.376354	0.016616	0.418586	0.005062	0.470988	0.013578	0.539009	0.060598	0.629327	
877.466125	0.037666	0.375494	0.016363	0.419107	0.005107	0.470758	0.013995	0.538139	0.061824	0.631245	
879.043274	0.036991	0.372177	0.015952	0.415503	0.005135	0.466049	0.014381	0.533872	0.062872	0.630058	
880.620239	0.036666	0.372986	0.015799	0.414914	0.005163	0.464275	0.014846	0.532141	0.063838	0.628046	
882.196960	0.036199	0.370870	0.015563	0.414355	0.005197	0.462249	0.015492	0.536488	0.064866	0.628023	
883.773560	0.035570	0.368173	0.015158	0.410270	0.005226	0.457710	0.015882	0.532340	0.065184	0.619834	
885.349976	0.035139	0.367656	0.014884	0.408134	0.005292	0.457851	0.016425	0.532624	0.066405	0.620677	
886.926270	0.034228	0.361864	0.014506	0.403182	0.005290	0.450677	0.016681	0.524867	0.067176	0.616986	
888.502319	0.033737	0.359575	0.014173	0.399718	0.005361	0.449406	0.017112	0.521724	0.068017	0.615485	
890.078308	0.033196	0.357270	0.013973	0.398006	0.005463	0.451206	0.017602	0.521365	0.068822	0.612219	
891.654114	0.032542	0.354079	0.013676	0.395754	0.005495	0.445406	0.018131	0.519977	0.069169	0.604117	
893.229675	0.032109	0.353522	0.013378	0.392819	0.005532	0.441398	0.018547	0.515431	0.070327	0.604258	
894.805054	0.031657	0.352020	0.013019	0.388338	0.005596	0.438577	0.018995	0.513056	0.071264	0.602238	
896.380371	0.031214	0.350943	0.012826	0.386949	0.005690	0.438272	0.019488	0.511497	0.072098	0.600158	
897.955444	0.030394	0.344800	0.012449	0.381995	0.005734	0.434112	0.019779	0.506475	0.072510	0.593998	
899.530396	0.029749	0.341860	0.012206	0.379667	0.005809	0.431200	0.020251	0.502014	0.073546	0.592186	
901.105103	0.029040	0.337540	0.011867	0.375768	0.005861	0.427594	0.020598	0.497175	0.074147	0.587827	
902.679565	0.028899	0.339299	0.011779	0.377501	0.006023	0.429734	0.021109	0.495343	0.075442	0.590006	
904.254028	0.028196	0.335181	0.011484	0.373330	0.006072	0.426062	0.021524	0.492886	0.076139	0.585780	
905.828247	0.027585	0.332343	0.011199	0.369136	0.006162	0.422034	0.021949	0.489145	0.076977	0.583536	
907.402222	0.027015	0.329363	0.010878	0.364111	0.006199	0.417185	0.022315	0.484662	0.077866	0.580064	
908.976196	0.026710	0.328605	0.010758	0.364241	0.006349	0.419045	0.022853	0.483392	0.079199	0.581721	
910.549805	0.026131	0.325252	0.010416	0.359110	0.006416	0.413730	0.023231	0.479067	0.079715	0.577815	
912.123352	0.025699	0.323978	0.010186	0.357317	0.006516	0.410887	0.023783	0.478803	0.081067	0.578369	
913.696655	0.024985	0.319448	0.009923	0.351383	0.006534	0.404612	0.023963	0.471426	0.080570	0.566529	
915.269836	0.024653	0.318352	0.009827	0.354290	0.006693	0.405758	0.024729	0.474601	0.081760	0.566732	
916.842773	0.024157	0.315720	0.009604	0.350762	0.006778	0.402316	0.025142	0.471368	0.082272	0.562618	
918.415649	0.023609	0.312483	0.009442	0.350012	0.006941	0.402419	0.025581	0.469213	0.083670	0.564980	
919.988159	0.022651	0.304843	0.009171	0.344079	0.006986	0.395581	0.025792	0.460907	0.083749	0.556057	
921.560669	0.022276	0.303889	0.008988	0.342653	0.007113	0.394597	0.026424	0.461584	0.085043	0.556894	
923.132935	0.021789	0.301326	0.008748	0.337849	0.007182	0.389878	0.026646	0.455660	0.085044	0.549862	
924.704956	0.021489	0.301389	0.008551	0.336528	0.007316	0.388795	0.027194	0.455102	0.086296	0.550647	
926.276855	0.020850	0.295424	0.008254	0.331445	0.007347	0.381812	0.027392	0.448313	0.086820	0.545448	
927.848511	0.020440	0.294410	0.008119	0.329409	0.007469	0.379302	0.027955	0.447024	0.087397	0.542025	
929.420105	0.020067	0.291293	0.007881	0.325655	0.007576	0.376129	0.028225	0.443578	0.088140	0.539161	
930.991394	0.019761	0.291838	0.007799	0.325939	0.007753	0.376886	0.028846	0.443316	0.089656	0.541393	
932.562622	0.019163	0.287318	0.007564	0.321517	0.007868	0.373223	0.029090	0.438150	0.090360	0.537917	
934.133606	0.018729	0.285189	0.007357	0.317858	0.007933	0.368149	0.029851	0.438587	0.091185	0.535274	
935.704407	0.018443	0.285421	0.007253	0.317275	0.008049	0.366540	0.030407	0.438591	0.091466	0.530539	
937.275024	0.018209	0.285089	0.007139	0.316570	0.008224	0.366096	0.031021	0.438742	0.092409	0.530193	
938.845398	0.017629	0.279939	0.006965	0.312894	0.008278	0.360805	0.031267	0.432253	0.092759	0.524776	
940.415649	0.017171	0.275897	0.006787	0.310324	0.008418	0.356838	0.031516	0.427387	0.093070	0.519256	
941.985657	0.016837	0.277937	0.006690	0.309738	0.008578	0.358082	0.032343	0.429419	0.094395	0.521174	
943.555481	0.016276	0.272231	0.006501	0.305833	0.008653	0.352211	0.032387	0.423322	0.094908	0.517479	
945.125183	0.015708	0.265876	0.006210	0.298619	0.008596	0.343867	0.032345	0.412940	0.094381	0.508053	
946.694641	0.015418	0.266706	0.006101	0.298596	0.008937	0.346209	0.033461	0.417485	0.097435	0.516417	
948.263977	0.014622	0.257994	0.005824	0.290180	0.008885	0.335201	0.033048	0.405205	0.095832	0.502499	
949.833008	0.014626	0.263039	0.005826	0.294912	0.009319	0.345453	0.034426	0.413451	0.099913	0.516249	
951.401978	0.014227	0.260857	0.005733	0.293347	0.009526	0.343406	0.034847	0.409170	0.100203	0.511927	
952.970581	0.013013	0.242785	0.005295	0.275469	0.009153	0.321714	0.033230	0.385193	0.095248	0.480209	
954.539185	0.013619	0.257556	0.005546	0.291518	0.009852	0.341382	0.035953	0.409117	0.102658	0.511609	
956.107544	0.013678	0.265284	0.005618	0.298447	0.010344	0.349873	0.037574	0.420217	0.106617	0.527228	
957.675659	0.012420	0.244301	0.005102	0.275770	0.009785	0.324578	0.035478	0.389899	0.099815	0.486757	
959.243530	0.011554	0.231309	0.004786	0.261395	0.009555	0.308246	0.034409	0.371353	0.095966	0.462651	
960.811340	0.011301	0.230810	0.004719	0.261125	0.009659	0.306991	0.034944	0.371868	0.096948	0.463591	
962.378906	0.010885	0.227915	0.004616	0.258349	0.009861	0.305616	0.035284	0.369777	0.098185	0.462990	
963.946167	0.010661	0.228815	0.004540	0.258817	0.010078	0.306201	0.036271	0.371565	0.100131	0.466956	
965.513367	0.010771	0.233436	0.004596	0.264346	0.010527	0.313799	0.037775	0.381481	0.103380	0.477978	
967.080383	0.010372	0.230922	0.004496	0.262150	0.010665	0.312671	0.038136	0.379441	0.104375	0.477244	
968.647156	0.010009	0.227653	0.004385	0.259996	0.010914	0.310086	0.038436	0.377449	0.105259	0.475649	
970.213684	0.009697	0.225036	0.004308	0.256719	0.010873	0.305242	0.038738	0.372178	0.105257	0.470068	
971.780090	0.009635	0.228058	0.004316	0.260026	0.011179	0.307952	0.039767	0.376861	0.107885	0.478630	
973.346313	0.008903	0.215777	0.004031	0.246612	0.010865	0.292053	0.038256	0.357292	0.104036	0.454838	
974.912231	0.008830	0.220510	0.004085	0.252213	0.011367	0.298028	0.040031	0.366533	0.107498	0.467192	
976.478027	0.008662	0.220545	0.004041	0.252301	0.011539	0.299005	0.040323	0.367919	0.108595	0.468606	
978.043579	0.008445	0.219511	0.003974	0.250824	0.011831	0.299683	0.041417	0.368262	0.110723	0.470750	
979.609009	0.008103	0.217212	0.003934	0.248890	0.011972	0.296248	0.041769	0.366358	0.110947	0.467239	
981.174133	0.007852	0.214792	0.003862	0.246731	0.012011	0.294312	0.042112	0.364307	0.110812	0.464499	
982.739075	0.007426	0.210739	0.003723	0.241719	0.012136	0.289763	0.041960	0.358020	0.110239	0.456447	
984.303833	0.007178	0.207508	0.003700	0.240651	0.012267	0.286626	0.042406	0.356054	0.111145	0.454808	
985.868347	0.007105	0.209243	0.003694	0.242150	0.012607	0.289031	0.043207	0.359109	0.112820	0.457475	
987.432739	0.006797	0.206043	0.003621	0.238927	0.012673	0.286332	0.043278	0.355776	0.113086	0.454663	
988.996887	0.006481	0.203489	0.003552	0.236199	0.012889	0.283529	0.043978	0.353938	0.113830	0.454376	
990.560852	0.006285	0.200730	0.003514	0.234218	0.012886	0.280874	0.043708	0.350690	0.113576	0.449912	
992.124634	0.005872	0.191680	0.003265	0.222628	0.012340	0.266505	0.042085	0.333874	0.109531	0.431138	
993.688171	0.005824	0.196083	0.003345	0.229359	0.013032	0.274683	0.044378	0.347251	0.115342	0.449922	
995.251465	0.005707	0.199863	0.003437	0.233636	0.013583	0.279729	0.045897	0.352159	0.118312	0.456383	
996.814575	0.005249	0.193113	0.003315	0.226007	0.013478	0.270599	0.045315	0.341128	0.115766	0.443802	
998.377563	0.004993	0.188817	0.003221	0.219580	0.013415	0.264784	0.044826	0.334574	0.115076	0.436657	
999.940247	0.004865	0.188872	0.003239	0.219480	0.013557	0.265136	0.045316	0.334427	0.116689	0.438948	
1013.382019	0.002790	0.162944	0.002920	0.194119	0.014515	0.238649	0.046584	0.304022	0.115718	0.402800	
1016.810181	0.002537	0.159991	0.002928	0.190628	0.014775	0.235163	0.047109	0.302436	0.117065	0.402741	
1020.238159	0.002207	0.155963	0.002900	0.186132	0.015153	0.231447	0.047587	0.297292	0.117166	0.397370	
1023.666199	0.001922	0.152494	0.002904	0.182653	0.015415	0.228718	0.047975	0.295248	0.117452	0.393598	
1027.094238	0.001647	0.149663	0.002992	0.181057	0.015702	0.225439	0.048707	0.292810	0.118634	0.392096	
1030.522217	0.001406	0.147707	0.003032	0.177724	0.016040	0.223247	0.049660	0.292510	0.119511	0.391330	
1033.950073	0.001156	0.144478	0.003111	0.174756	0.016386	0.220474	0.049710	0.287341	0.120223	0.389649	
1037.378174	0.000977	0.142248	0.003157	0.172758	0.016642	0.218604	0.050294	0.285880	0.121387	0.389292	
1040.805908	0.000782	0.139504	0.003272	0.171019	0.016979	0.216055	0.050879	0.284711	0.122084	0.387569	
1044.233887	0.000626	0.136849	0.003306	0.167886	0.017270	0.214119	0.051269	0.283075	0.122087	0.384727	
1047.661865	0.000478	0.134435	0.003440	0.166100	0.017517	0.211428	0.051545	0.279919	0.122709	0.383393	
1051.089722	0.000363	0.132559	0.003544	0.164159	0.017874	0.210599	0.052366	0.280872	0.123986	0.385116	
1054.517578	0.000257	0.130625	0.003651	0.162647	0.018178	0.209568	0.052931	0.279944	0.124493	0.383954	
1057.945557	0.000181	0.127706	0.003762	0.159867	0.018381	0.207046	0.052597	0.275242	0.124377	0.381751	
1061.373413	0.000118	0.126224	0.003898	0.158185	0.018582	0.204983	0.053057	0.274797	0.124761	0.380776	
1064.801392	0.000079	0.125293	0.004050	0.157714	0.018918	0.205085	0.053791	0.276472	0.125457	0.381560	
1068.229248	0.000058	0.124321	0.004225	0.156899	0.019317	0.205012	0.054327	0.276752	0.126310	0.382609	
1071.657227	0.000053	0.122078	0.004345	0.155668	0.019510	0.203723	0.054300	0.274688	0.126046	0.381091	
1075.085205	0.000070	0.121045	0.004515	0.154472	0.019814	0.203785	0.054811	0.275362	0.127430	0.384176	
1078.513184	0.000098	0.120422	0.004671	0.153646	0.020117	0.203871	0.055021	0.275339	0.126704	0.381505	
1081.941162	0.000154	0.119292	0.004896	0.154228	0.020417	0.204455	0.055967	0.278315	0.127954	0.385065	
1085.369263	0.000214	0.118148	0.005024	0.152500	0.020456	0.201947	0.055846	0.277019	0.127629	0.384108	
1088.797241	0.000313	0.118325	0.005241	0.152517	0.020862	0.203276	0.056078	0.277207	0.128234	0.386246	
1092.225342	0.000404	0.118198	0.005470	0.153590	0.021239	0.205617	0.056556	0.279259	0.129189	0.389559	
1095.653564	0.000531	0.117033	0.005675	0.153087	0.021307	0.203641	0.056704	0.279552	0.128772	0.388812	
1099.081787	0.000659	0.117009	0.005859	0.153390	0.021649	0.205604	0.056936	0.280734	0.128997	0.390281	
1102.510010	0.000822	0.116869	0.006113	0.153769	0.021865	0.206008	0.057111	0.281867	0.128805	0.390918	
1105.938232	0.000967	0.116008	0.006289	0.153202	0.022012	0.206477	0.057131	0.282372	0.128666	0.391727	
1109.366577	0.001161	0.116955	0.006529	0.154102	0.022344	0.208004	0.057392	0.284060	0.130011	0.397282	
1112.795044	0.001345	0.116997	0.006771	0.155341	0.022567	0.209611	0.057556	0.285781	0.129787	0.398332	
1116.223389	0.001564	0.117534	0.007000	0.155375	0.022695	0.209913	0.057716	0.287818	0.129700	0.399897	
1119.651978	0.001778	0.118117	0.007231	0.156197	0.022947	0.211364	0.057977	0.290000	0.129423	0.401125	
1123.080566	0.002021	0.118430	0.007510	0.157881	0.023150	0.212571	0.057995	0.291394	0.129398	0.403135	
1126.509155	0.002267	0.119919	0.007759	0.159515	0.023448	0.215685	0.058495	0.295265	0.129713	0.406460	
1129.937866	0.002540	0.120379	0.008047	0.160596	0.023559	0.216669	0.058421	0.296431	0.129602	0.408964	
1133.366699	0.002778	0.120759	0.008237	0.161505	0.023722	0.218054	0.058202	0.297135	0.129135	0.409905	
1136.795654	0.003117	0.122991	0.008547	0.163270	0.023992	0.220774	0.058609	0.301692	0.129550	0.414348	
1140.224487	0.003365	0.123234	0.008796	0.165244	0.024050	0.221615	0.058323	0.301937	0.129268	0.416319	
1143.653564	0.003657	0.123432	0.009024	0.165766	0.024205	0.223828	0.058382	0.304740	0.128928	0.418370	
1147.082764	0.003975	0.125377	0.009299	0.168030	0.024283	0.224461	0.058606	0.308091	0.129186	0.421967	
1150.511963	0.004336	0.127370	0.009646	0.170454	0.024669	0.228863	0.058526	0.310364	0.128290	0.422471	
1153.941162	0.004666	0.128956	0.009841	0.171750	0.024635	0.229507	0.058664	0.313551	0.128564	0.427222	
1157.370605	0.005011	0.130012	0.010136	0.173428	0.024798	0.232164	0.058337	0.314712	0.128314	0.429826	
1160.800049	0.005390	0.132632	0.010461	0.176540	0.025345	0.238084	0.058759	0.319948	0.128709	0.434815	
1164.229736	0.005769	0.133769	0.010708	0.178137	0.025318	0.239105	0.058636	0.322692	0.128738	0.438805	
1167.659424	0.006101	0.135550	0.011008	0.180485	0.025566	0.242253	0.058547	0.324637	0.127640	0.438809	
1171.089233	0.006521	0.137758	0.011412	0.184075	0.025840	0.246615	0.058760	0.329936	0.128157	0.444522	
1174.519165	0.006888	0.139389	0.011508	0.184284	0.025617	0.246015	0.058444	0.330984	0.127885	0.448050	
1177.949219	0.007286	0.141098	0.011864	0.187121	0.025973	0.250859	0.058051	0.332219	0.127336	0.449863	
1181.379395	0.007627	0.142586	0.012190	0.190176	0.025985	0.252113	0.058493	0.337960	0.126337	0.450867	
1184.809814	0.008139	0.146231	0.012519	0.193255	0.026193	0.256028	0.058369	0.341609	0.127311	0.458458	
1188.240112	0.008542	0.148222	0.012824	0.196024	0.026512	0.260623	0.058525	0.346080	0.127676	0.464486	
1191.670654	0.009030	0.151067	0.013294	0.200806	0.026652	0.263808	0.058773	0.351006	0.127238	0.467215	
1195.101318	0.009446	0.153645	0.013521	0.202667	0.026804	0.267060	0.058640	0.354371	0.126680	0.469662	
1198.532227	0.009864	0.154929	0.013755	0.203932	0.026711	0.268171	0.058470	0.357298	0.125689	0.470582	
1201.963135	0.010278	0.157574	0.014069	0.207462	0.026988	0.272831	0.057894	0.357435	0.125199	0.473806	
1205.394287	0.010779	0.160241	0.014400	0.210382	0.027010	0.275336	0.057928	0.361990	0.125440	0.479101	
1208.825562	0.011242	0.162809	0.014641	0.212604	0.027050	0.277546	0.058052	0.366821	0.124722	0.481215	
1212.256958	0.011682	0.165361	0.015015	0.215964	0.027134	0.280805	0.057812	0.369985	0.124906	0.486071	
1215.688477	0.012117	0.167464	0.015341	0.219811	0.027380	0.284892	0.057552	0.371482	0.124293	0.489432	
1219.120239	0.012719	0.171343	0.015714	0.223043	0.027753	0.291646	0.057805	0.378483	0.124263	0.493865	
1222.552124	0.013136	0.173733	0.015841	0.223832	0.027499	0.290714	0.057141	0.378194	0.123338	0.495520	
1225.984131	0.013464	0.173879	0.016061	0.225443	0.027419	0.292221	0.056407	0.378266	0.121996	0.494618	
1229.416260	0.013851	0.176036	0.016380	0.228899	0.027468	0.294868	0.056721	0.384193	0.120944	0.496093	
1232.848755	0.014560	0.181179	0.016836	0.233668	0.027792	0.301033	0.057043	0.391836	0.121169	0.501858	
1236.281250	0.015009	0.183549	0.017128	0.236832	0.027758	0.302825	0.056786	0.394134	0.122141	0.511247	
1239.713989	0.015520	0.186147	0.017387	0.238979	0.027896	0.307143	0.056277	0.395551	0.121422	0.513573	
1243.146851	0.015869	0.187497	0.017565	0.240564	0.027968	0.309995	0.055719	0.396222	0.119710	0.511521	
1246.579956	0.016590	0.192535	0.018252	0.248484	0.028326	0.316628	0.056419	0.405899	0.121439	0.524537	
1250.013306	0.016903	0.193771	0.018229	0.247499	0.027993	0.315079	0.055623	0.404353	0.118894	0.518825	
1253.446655	0.017667	0.199216	0.018648	0.251789	0.028136	0.319490	0.055675	0.410354	0.119298	0.525819	
1256.880371	0.018011	0.200321	0.019028	0.256031	0.028220	0.322485	0.055696	0.414501	0.118642	0.528252	
1260.314209	0.018622	0.204431	0.019280	0.258350	0.028335	0.327011	0.055548	0.419282	0.118017	0.530483	
1263.748291	0.019015	0.205974	0.019601	0.261209	0.028526	0.330834	0.055252	0.421651	0.117035	0.532203	
1267.182495	0.019461	0.208008	0.019724	0.262362	0.028617	0.335334	0.055211	0.426778	0.117254	0.538782	
1270.616943	0.019844	0.209788	0.020120	0.266505	0.028575	0.336700	0.054455	0.425342	0.115775	0.537376	
1274.051514	0.020636	0.215145	0.020612	0.271800	0.028879	0.343363	0.054668	0.432506	0.116298	0.545144	
1277.486450	0.020997	0.216941	0.020694	0.272309	0.028662	0.342995	0.054160	0.432903	0.115220	0.545918	
1280.921631	0.021544	0.219455	0.021097	0.276542	0.028691	0.346065	0.054134	0.438206	0.114810	0.549199	
1284.356812	0.022237	0.224558	0.021595	0.282128	0.029222	0.354525	0.053828	0.440381	0.114063	0.551102	
1287.792358	0.022906	0.229126	0.021885	0.285388	0.029093	0.356734	0.053816	0.446147	0.115280	0.563047	
1291.228149	0.023043	0.228308	0.022026	0.286417	0.028834	0.355643	0.052982	0.444427	0.113490	0.559957	
1294.664063	0.023743	0.232342	0.022372	0.289960	0.028886	0.359322	0.053348	0.452778	0.113621	0.566209	
1298.100342	0.024120	0.233860	0.022663	0.292704	0.029074	0.363803	0.052882	0.453565	0.112400	0.566271	
1301.536743	0.024621	0.236924	0.023001	0.296230	0.029202	0.368785	0.052401	0.455211	0.112019	0.569858	
1304.973389	0.025196	0.240082	0.023218	0.298448	0.029224	0.370963	0.052466	0.460802	0.112320	0.576912	
1308.410400	0.025512	0.241275	0.023500	0.301036	0.028930	0.370732	0.051967	0.462518	0.110460	0.573182	
1311.847534	0.026323	0.246545	0.023968	0.306360	0.029431	0.378955	0.052454	0.471466	0.110240	0.578471	
1315.284912	0.026919	0.250187	0.024038	0.306354	0.029432	0.382670	0.051766	0.471581	0.110238	0.584540	
1318.722534	0.027480	0.252929	0.024379	0.310634	0.029467	0.385013	0.051570	0.474587	0.109623	0.586636	
1322.160522	0.028003	0.255763	0.024535	0.311926	0.029425	0.387868	0.051252	0.477273	0.109419	0.591269	
1325.598755	0.028215	0.255978	0.024613	0.311725	0.029071	0.385146	0.050794	0.478180	0.107298	0.585345	
1329.037109	0.028867	0.260454	0.025211	0.319136	0.029374	0.392960	0.050480	0.481874	0.106994	0.590321	
1332.475830	0.028828	0.257568	0.025064	0.316253	0.028974	0.389522	0.049616	0.478484	0.105707	0.589341	
1335.914795	0.029625	0.263586	0.025657	0.323249	0.029047	0.394211	0.049677	0.484559	0.105964	0.596336	
1339.354004	0.030182	0.266286	0.025902	0.325467	0.029089	0.396485	0.049105	0.483969	0.104607	0.594586	
1342.793579	0.030392	0.266890	0.026130	0.327648	0.028865	0.396547	0.048951	0.488984	0.103785	0.595813	
1346.233276	0.031095	0.270558	0.026432	0.330702	0.029228	0.403796	0.048827	0.492958	0.104097	0.603817	
1349.673462	0.031641	0.274302	0.026737	0.333947	0.029052	0.405157	0.048487	0.495905	0.103558	0.606592	
1353.113770	0.032353	0.277964	0.027429	0.341349	0.029329	0.411034	0.048631	0.502574	0.102642	0.607534	
1356.554443	0.032939	0.281488	0.027453	0.341376	0.029335	0.414257	0.048523	0.507405	0.102808	0.614745	
1359.995361	0.033300	0.283016	0.027655	0.343582	0.029503	0.418323	0.047903	0.506120	0.103297	0.622747	
1363.436523	0.034141	0.289023	0.027941	0.346167	0.029211	0.417245	0.047409	0.506956	0.101620	0.619346	
1366.878052	0.033994	0.286446	0.027787	0.345026	0.028739	0.414158	0.047002	0.508701	0.100250	0.616921	
1370.319824	0.034564	0.289526	0.028219	0.349412	0.028906	0.419441	0.046751	0.511935	0.099089	0.616198	
1373.761963	0.034719	0.288993	0.028240	0.349250	0.028767	0.420116	0.046131	0.510144	0.098715	0.620054	
1377.204346	0.036004	0.297857	0.028962	0.356344	0.029294	0.430418	0.046549	0.520746	0.099050	0.628648	
1380.647217	0.036431	0.299550	0.029525	0.362746	0.029402	0.433889	0.046451	0.525264	0.098739	0.631559	
1384.090210	0.037189	0.304719	0.029877	0.366501	0.029328	0.435602	0.046102	0.527379	0.098369	0.636102	
1387.533569	0.037145	0.302925	0.029905	0.366411	0.029046	0.434562	0.045233	0.524598	0.097170	0.635319	
1390.977295	0.037687	0.306176	0.029927	0.366327	0.029205	0.439570	0.045129	0.528051	0.096492	0.636850	
1394.421265	0.038539	0.310719	0.030195	0.369042	0.029269	0.442386	0.044784	0.529560	0.096281	0.640519	
1397.865601	0.038690	0.311014	0.030558	0.372756	0.029018	0.441338	0.044331	0.530292	0.094638	0.636775	
1401.310303	0.038776	0.309260	0.030380	0.369279	0.028995	0.443133	0.043763	0.529271	0.093404	0.633776	
1404.755249	0.039266	0.312851	0.030833	0.375215	0.029145	0.448821	0.043873	0.537832	0.094095	0.645426	
1408.200562	0.039348	0.311759	0.030601	0.372184	0.028820	0.446833	0.042990	0.532807	0.092762	0.643051	
1411.646240	0.040649	0.321362	0.031477	0.382274	0.029116	0.454888	0.043042	0.540219	0.092773	0.649750	
1415.092285	0.041201	0.323437	0.031719	0.383879	0.029067	0.456055	0.042773	0.542957	0.092093	0.650364	
1418.538574	0.041640	0.326097	0.032027	0.387972	0.028880	0.456372	0.042653	0.547954	0.092555	0.661109	
1421.985352	0.042088	0.328184	0.031908	0.385928	0.028947	0.459523	0.042140	0.547365	0.091515	0.659137	
1425.432373	0.042684	0.331627	0.032377	0.391401	0.028981	0.463730	0.042072	0.552446	0.090507	0.659402	
1428.879761	0.043213	0.333927	0.032618	0.393142	0.029020	0.465557	0.041817	0.554286	0.090688	0.666591	
1432.327515	0.043180	0.332314	0.032784	0.395085	0.028678	0.463662	0.041447	0.556884	0.089135	0.662354	
1435.775635	0.043409	0.332853	0.032663	0.392524	0.028691	0.466221	0.040877	0.555640	0.087394	0.655828	
1439.224243	0.044212	0.338672	0.032988	0.396731	0.028532	0.466813	0.040765	0.560183	0.086954	0.659046	
1442.673096	0.044454	0.338771	0.033643	0.404204	0.028786	0.473409	0.040139	0.558766	0.086482	0.661006	
1446.122314	0.045653	0.346864	0.033777	0.405344	0.029005	0.479606	0.040429	0.568636	0.086609	0.669130	
1449.571899	0.045615	0.345240	0.034287	0.409972	0.028920	0.480405	0.039748	0.564324	0.085990	0.670231	
1453.021851	0.045753	0.345129	0.034011	0.406920	0.028817	0.482277	0.039214	0.564291	0.084906	0.670058	
1456.472290	0.045868	0.344720	0.033973	0.405796	0.028594	0.480819	0.038593	0.562211	0.084242	0.669782	
1459.923096	0.046052	0.345426	0.034091	0.407238	0.028509	0.482220	0.038313	0.563654	0.083771	0.673233	
1463.374268	0.046677	0.348010	0.034381	0.409773	0.028511	0.483898	0.037885	0.563235	0.083248	0.674818	
1466.825684	0.046863	0.349117	0.034662	0.412884	0.028368	0.485230	0.037552	0.566207	0.082472	0.675602	
1470.277588	0.047297	0.350828	0.034954	0.416070	0.028243	0.485619	0.037502	0.572000	0.081842	0.676653	
1473.729980	0.048038	0.355802	0.034863	0.414740	0.028286	0.489367	0.037307	0.575283	0.080685	0.673902	
1477.182739	0.048511	0.358508	0.035202	0.418205	0.028328	0.492596	0.036808	0.574985	0.080428	0.677909	
1480.635864	0.049176	0.361639	0.035744	0.424146	0.028149	0.491884	0.036637	0.577596	0.080505	0.686261	
1484.089355	0.049421	0.362478	0.035865	0.425397	0.028157	0.494666	0.036856	0.589299	0.079609	0.684938	
1487.543335	0.049794	0.364028	0.036144	0.428208	0.028269	0.499503	0.036547	0.589762	0.079346	0.689780	
1490.997681	0.050169	0.365634	0.035846	0.423984	0.028148	0.499585	0.035939	0.586661	0.077895	0.683050	
1494.452393	0.050193	0.364915	0.035950	0.425722	0.028067	0.501979	0.035236	0.582820	0.077348	0.685687	
1497.907715	0.050448	0.365664	0.036405	0.429979	0.027795	0.498057	0.034941	0.583270	0.076536	0.684213	
1501.363281	0.051673	0.373859	0.036813	0.434858	0.028280	0.510939	0.035048	0.593059	0.076317	0.690507	
1504.819336	0.051106	0.368994	0.036476	0.430411	0.027682	0.502659	0.034287	0.586750	0.075141	0.685895	
1508.275879	0.052582	0.378366	0.037396	0.440952	0.028219	0.515294	0.034536	0.598664	0.075827	0.699071	
1511.732788	0.053195	0.381201	0.037910	0.446413	0.028134	0.515387	0.034235	0.599615	0.075611	0.702566	
1515.190186	0.053559	0.384129	0.038254	0.450401	0.028065	0.517971	0.034112	0.604728	0.074739	0.703103	
1518.647949	0.053062	0.378654	0.037573	0.441620	0.028050	0.519361	0.033499	0.600639	0.072989	0.692044	
1522.106201	0.053950	0.384908	0.038241	0.450356	0.027684	0.516150	0.033147	0.602159	0.073208	0.701614	
1525.564819	0.053996	0.383220	0.038216	0.447922	0.027785	0.519696	0.033243	0.610897	0.072246	0.697935	
1529.024048	0.054856	0.389588	0.038458	0.451478	0.027791	0.522569	0.032947	0.612040	0.072699	0.710322	
1532.483643	0.054401	0.383882	0.038176	0.448000	0.027236	0.514358	0.031844	0.598744	0.070918	0.700023	
1535.943604	0.055667	0.393184	0.038736	0.455096	0.027532	0.523567	0.032062	0.609711	0.070894	0.706449	
1539.404053	0.055023	0.387312	0.038525	0.450853	0.027312	0.521275	0.031705	0.609870	0.069643	0.700513	
1542.865112	0.055628	0.391268	0.038924	0.456352	0.027260	0.523794	0.031072	0.606261	0.068714	0.698510	
1546.326538	0.056375	0.394466	0.038585	0.451256	0.027104	0.522250	0.030423	0.599325	0.067871	0.694676	
1549.788330	0.056011	0.391428	0.038753	0.453929	0.026905	0.521320	0.030359	0.605015	0.068732	0.711573	
1553.250732	0.056187	0.391986	0.039050	0.456127	0.026947	0.524888	0.030246	0.610728	0.067765	0.708394	
1556.713623	0.057577	0.401421	0.039921	0.467236	0.027237	0.533574	0.030588	0.624871	0.068122	0.721306	
1560.177002	0.057845	0.401701	0.039975	0.466905	0.027322	0.536889	0.030391	0.628458	0.068330	0.727272	
1563.640869	0.056648	0.393455	0.038806	0.453685	0.026503	0.523723	0.029079	0.609123	0.065573	0.707331	
1567.105103	0.057725	0.400469	0.039267	0.457108	0.026734	0.530164	0.029073	0.613314	0.065372	0.710310	
1570.569946	0.058473	0.404313	0.040041	0.467202	0.026716	0.534369	0.028674	0.614525	0.064525	0.709865	
1574.035156	0.058100	0.401350	0.039834	0.463437	0.026474	0.530082	0.028011	0.607513	0.063013	0.697986	
1577.500977	0.059187	0.408104	0.040537	0.472670	0.027110	0.546527	0.028664	0.628494	0.064725	0.726771	
1580.967163	0.058491	0.402479	0.039759	0.463200	0.026412	0.534483	0.027703	0.614989	0.063621	0.718932	
1584.433960	0.058547	0.402420	0.040026	0.465873	0.026344	0.536627	0.027313	0.614171	0.063352	0.725509	
1587.901245	0.059113	0.404200	0.039738	0.461764	0.026361	0.538655	0.027074	0.615130	0.062225	0.716792	
1591.369019	0.059635	0.407767	0.040749	0.473887	0.026198	0.538345	0.027152	0.625815	0.061589	0.718058	
1594.837402	0.059125	0.403543	0.040789	0.473827	0.026141	0.539276	0.026738	0.623984	0.060466	0.712093	
1598.306152	0.060676	0.413517	0.041379	0.480669	0.026586	0.550679	0.026525	0.627095	0.061277	0.727844	
1601.775513	0.061381	0.417789	0.041354	0.479993	0.026358	0.550410	0.026233	0.627736	0.061103	0.731962	
1605.245361	0.062687	0.426161	0.041660	0.483053	0.026686	0.557706	0.026355	0.636641	0.060679	0.736197	
1608.715698	0.062429	0.423524	0.041388	0.479434	0.026207	0.550862	0.026128	0.638101	0.059935	0.733045	
1612.186768	0.061999	0.420284	0.041328	0.478052	0.026021	0.548960	0.025515	0.633553	0.059351	0.733860	
1615.658081	0.061480	0.416206	0.040994	0.475112	0.025918	0.550319	0.025351	0.635193	0.058022	0.722960	
1619.130127	0.062756	0.423988	0.041665	0.484422	0.026051	0.555917	0.025255	0.643694	0.058480	0.737875	
1622.602661	0.062140	0.419411	0.041865	0.485055	0.025900	0.555947	0.024974	0.643195	0.058042	0.738893	
1626.075684	0.062720	0.422295	0.041565	0.481379	0.025692	0.553579	0.024200	0.631194	0.057453	0.738883	
1629.549194	0.062845	0.422528	0.042186	0.488299	0.025851	0.560718	0.024118	0.638216	0.056550	0.734142	
1633.023438	0.063533	0.426448	0.042275	0.490254	0.025931	0.563154	0.023816	0.636149	0.056516	0.739474	
1636.498169	0.064057	0.430234	0.042336	0.491231	0.025440	0.555045	0.023827	0.646794	0.056071	0.742308	
1639.973389	0.063139	0.422703	0.041234	0.477499	0.025138	0.550592	0.023239	0.637455	0.055249	0.738474	
1643.449219	0.064145	0.428391	0.042914	0.495568	0.025576	0.564207	0.023294	0.647504	0.055242	0.745369	
1646.925537	0.064062	0.427305	0.041913	0.485953	0.025395	0.561444	0.022842	0.642106	0.054377	0.740766	
1650.402588	0.063990	0.426898	0.041763	0.482288	0.025117	0.558164	0.022434	0.640108	0.053068	0.728755	
1653.880127	0.063991	0.425365	0.042924	0.497851	0.025243	0.562391	0.022175	0.641473	0.052192	0.724046	
1657.358032	0.065367	0.434862	0.043841	0.506396	0.025215	0.566840	0.022101	0.647243	0.053360	0.748926	
1660.836670	0.066441	0.441538	0.043440	0.503316	0.025289	0.570610	0.021982	0.651837	0.053006	0.752878	
1664.316040	0.066199	0.438759	0.043581	0.504244	0.025419	0.575913	0.021939	0.658231	0.053352	0.763908	
1667.795654	0.066688	0.442528	0.043022	0.497976	0.025208	0.573608	0.021423	0.652826	0.052153	0.753973	
1671.276123	0.067386	0.445879	0.044320	0.512978	0.025463	0.580705	0.021658	0.665924	0.053113	0.773551	
1674.757080	0.070015	0.462681	0.045372	0.526053	0.026174	0.600497	0.021807	0.681675	0.053410	0.783549	
1678.238647	0.070930	0.469605	0.045732	0.530579	0.026344	0.608503	0.021574	0.682838	0.053464	0.796106	
1681.720947	0.072388	0.478500	0.046833	0.542948	0.026710	0.617562	0.021983	0.702653	0.054177	0.805291	
1685.203491	0.073029	0.480459	0.046941	0.547089	0.026848	0.627449	0.021876	0.710126	0.053486	0.811617	
1688.686890	0.072845	0.481203	0.047348	0.548089	0.026567	0.621346	0.021735	0.712116	0.053063	0.804673	