landa_plot	R_mean_plot	R_ste_plot
4.199900000000000091e+02	1.184099999999999875e-01	6.902646426719804586e-03
4.203600000000000136e+02	1.140830000000000038e-01	4.792645174559740685e-03
4.207300000000000182e+02	8.073199999999999821e-02	7.646460599016233206e-03
4.211000000000000227e+02	1.102680000000000327e-01	8.184249206672721683e-03
4.214599999999999795e+02	1.025909999999999878e-01	6.317509788126722536e-03
4.218299999999999841e+02	9.659999999999999143e-02	5.888972745734183736e-03
4.221999999999999886e+02	1.006050000000000139e-01	4.480194406839611322e-03
4.225699999999999932e+02	1.280349999999999822e-01	6.230420932810238309e-03
4.229399999999999977e+02	1.199069999999999858e-01	7.446108849593859567e-03
4.233100000000000023e+02	1.461669999999999914e-01	5.748506702413444698e-03
4.236700000000000159e+02	1.117340000000000000e-01	5.639658091109370566e-03
4.240400000000000205e+02	1.157579999999999859e-01	5.372094534937717387e-03
4.244100000000000250e+02	9.017600000000000615e-02	5.072603670700088531e-03
4.247799999999999727e+02	1.080619999999999914e-01	5.587694969924814764e-03
4.251399999999999864e+02	1.230129999999999973e-01	6.607042635295717545e-03
4.255099999999999909e+02	1.028099999999999986e-01	5.190878093792549580e-03
4.258799999999999955e+02	1.089810000000000223e-01	5.772173627379497546e-03
4.262500000000000000e+02	1.080100000000000088e-01	4.765259376264519529e-03
4.266200000000000045e+02	1.181480000000000030e-01	5.013459699034804491e-03
4.269800000000000182e+02	1.251500000000000112e-01	5.195191415737617120e-03
4.273500000000000227e+02	1.250189999999999912e-01	4.952097372287361451e-03
4.277200000000000273e+02	1.173019999999999896e-01	6.431966657012695016e-03
4.280899999999999750e+02	1.242260000000000170e-01	4.539525424196132197e-03
4.284499999999999886e+02	1.087230000000000141e-01	4.372898361147108809e-03
4.288199999999999932e+02	1.142639999999999906e-01	4.822254691292477899e-03
4.291899999999999977e+02	1.228569999999999940e-01	5.362010680562053280e-03
4.295600000000000023e+02	1.109590000000000021e-01	5.538584997021420327e-03
4.299200000000000159e+02	1.075979999999999992e-01	4.841249965739142028e-03
4.302900000000000205e+02	1.158659999999999968e-01	4.951065184537409812e-03
4.306600000000000250e+02	1.187910000000000077e-01	5.346476546431160048e-03
4.310199999999999818e+02	1.162810000000000094e-01	3.946059075935030858e-03
4.313899999999999864e+02	1.026769999999999905e-01	5.412104673784496126e-03
4.317599999999999909e+02	1.288690000000000113e-01	4.453721080348257456e-03
4.321299999999999955e+02	1.255629999999999802e-01	4.068420984570340730e-03
4.324900000000000091e+02	9.417199999999999183e-02	5.302954154924476374e-03
4.328600000000000136e+02	1.250429999999999875e-01	6.418402754819684322e-03
4.332300000000000182e+02	1.045859999999999984e-01	5.690350563758049193e-03
4.335899999999999750e+02	1.162040000000000017e-01	4.009386525104846090e-03
4.339599999999999795e+02	1.241230000000000111e-01	5.150532317522738338e-03
4.343299999999999841e+02	1.091779999999999973e-01	3.728795185909456692e-03
4.346999999999999886e+02	1.076050000000000201e-01	3.967928203832477713e-03
4.350600000000000023e+02	1.174570000000000058e-01	3.987348656399677602e-03
4.354300000000000068e+02	1.095440000000000025e-01	4.245497923139831056e-03
4.358000000000000114e+02	1.067789999999999989e-01	4.595185515632304110e-03
4.361600000000000250e+02	1.257030000000000092e-01	5.651886825858042605e-03
4.365299999999999727e+02	1.170719999999999955e-01	4.268239557836102024e-03
4.368999999999999773e+02	1.126980000000000065e-01	5.209337592616374892e-03
4.372599999999999909e+02	1.095359999999999945e-01	5.623247104654035926e-03
4.376299999999999955e+02	1.102449999999999958e-01	5.225508182868991019e-03
4.380000000000000000e+02	1.154679999999999873e-01	4.269642175603515812e-03
4.383600000000000136e+02	1.142230000000000051e-01	5.206586811988178978e-03
4.387300000000000182e+02	1.180410000000000209e-01	4.413969511239724391e-03
4.391000000000000227e+02	1.097870000000000096e-01	4.483592146757055946e-03
4.394599999999999795e+02	1.038829999999999892e-01	4.622764416034396730e-03
4.398299999999999841e+02	1.134709999999999885e-01	4.996690974265637596e-03
4.401899999999999977e+02	1.130079999999999973e-01	4.610862892711581167e-03
4.405600000000000023e+02	1.049719999999999959e-01	4.451993296007115096e-03
4.409300000000000068e+02	1.130210000000000103e-01	5.004734135718978856e-03
4.412900000000000205e+02	1.080910000000000065e-01	4.575620252196164854e-03
4.416600000000000250e+02	1.245480000000000198e-01	5.356594325616861711e-03
4.420299999999999727e+02	1.052660000000000123e-01	4.417796039447027985e-03
4.423899999999999864e+02	1.088610000000000133e-01	4.492883680803539878e-03
4.427599999999999909e+02	1.070139999999999841e-01	3.847767024772039655e-03
4.431200000000000045e+02	1.145430000000000198e-01	5.096872653515470593e-03
4.434900000000000091e+02	1.195959999999999940e-01	3.967738980248653249e-03
4.438600000000000136e+02	1.064119999999999927e-01	4.128993880055825162e-03
4.442200000000000273e+02	1.067769999999999830e-01	4.844811348236378185e-03
4.445899999999999750e+02	1.062380000000000130e-01	4.366619322507093483e-03
4.449499999999999886e+02	1.073609999999999981e-01	4.597651984353618923e-03
4.453199999999999932e+02	1.135639999999999983e-01	4.326892329463400723e-03
4.456800000000000068e+02	1.058810000000000029e-01	4.137764251380206953e-03
4.460500000000000114e+02	1.097309999999999952e-01	4.960697601377016784e-03
4.464200000000000159e+02	1.044069999999999998e-01	4.482088978967799578e-03
4.467799999999999727e+02	1.050139999999999824e-01	4.435081856845832574e-03
4.471499999999999773e+02	9.301699999999998858e-02	3.679481579286366343e-03
4.475099999999999909e+02	1.052219999999999961e-01	3.842486334493490623e-03
4.478799999999999955e+02	9.815700000000000813e-02	4.069471152562511955e-03
4.482400000000000091e+02	1.083960000000000062e-01	4.454818169474139729e-03
4.486100000000000136e+02	1.014820000000000028e-01	4.478124229561370774e-03
4.489700000000000273e+02	9.878099999999999381e-02	4.241414577164630099e-03
4.493399999999999750e+02	9.933699999999999475e-02	4.327970931581609157e-03
4.497099999999999795e+02	1.002720000000000000e-01	4.234863325376084751e-03
4.500699999999999932e+02	9.875800000000001244e-02	4.683919758887028668e-03
4.504399999999999977e+02	9.277699999999999836e-02	4.260542589136523395e-03
4.508000000000000114e+02	9.756499999999998507e-02	4.166837068310466283e-03
4.511700000000000159e+02	9.462400000000001365e-02	4.073963709668056848e-03
4.515299999999999727e+02	9.598900000000000488e-02	4.348930628945995962e-03
4.518999999999999773e+02	1.013430000000000025e-01	4.964466669008092692e-03
4.522599999999999909e+02	9.690100000000001490e-02	4.480859713183482987e-03
4.526299999999999955e+02	9.746399999999999508e-02	4.090616128126948331e-03
4.529900000000000091e+02	9.480799999999998950e-02	3.668212476020271933e-03
4.533600000000000136e+02	9.488399999999999612e-02	3.550881407373494402e-03
4.537200000000000273e+02	9.756899999999998907e-02	3.805043303099392080e-03
4.540899999999999750e+02	9.127000000000000390e-02	3.909645468876646497e-03
4.544499999999999886e+02	9.513800000000000034e-02	3.643384901223248318e-03
4.548199999999999932e+02	9.681599999999999928e-02	3.958726718374132834e-03
4.551800000000000068e+02	9.563199999999999479e-02	4.043996652208916437e-03
4.555500000000000114e+02	8.998500000000000942e-02	3.426290267913679761e-03
4.559100000000000250e+02	8.988300000000000456e-02	3.494213469327648279e-03
4.562799999999999727e+02	8.857000000000000983e-02	3.774636202541704379e-03
4.566399999999999864e+02	9.186999999999997946e-02	3.859685319975031999e-03
4.570099999999999909e+02	9.027900000000001202e-02	4.026368558543885409e-03
4.573700000000000045e+02	8.831500000000000461e-02	4.090598649060099047e-03
4.577300000000000182e+02	8.695200000000000151e-02	3.740789879567804881e-03
4.581000000000000227e+02	8.420500000000000207e-02	3.515281419963196905e-03
4.584599999999999795e+02	8.653799999999998993e-02	3.398840481014756432e-03
4.588299999999999841e+02	8.866899999999999782e-02	3.853405576689474671e-03
4.591899999999999977e+02	8.141700000000000326e-02	4.057786257023934112e-03
4.595600000000000023e+02	8.138900000000000301e-02	3.665794372931381519e-03
4.599200000000000159e+02	8.139499999999999513e-02	3.934854556983700263e-03
4.602900000000000205e+02	8.542099999999999693e-02	3.661939261354038144e-03
4.606499999999999773e+02	7.965399999999998870e-02	3.313263369224692372e-03
4.610099999999999909e+02	8.319099999999998718e-02	3.667739075108387113e-03
4.613799999999999955e+02	7.967299999999999383e-02	3.737849865281457715e-03
4.617400000000000091e+02	8.009900000000000353e-02	3.894707148070413426e-03
4.621100000000000136e+02	7.914400000000001989e-02	3.429880284970711693e-03
4.624700000000000273e+02	8.544100000000001693e-02	3.680521796200599341e-03
4.628299999999999841e+02	8.215400000000001868e-02	3.599875467931550055e-03
4.631999999999999886e+02	8.038700000000000012e-02	3.138803556967331970e-03
4.635600000000000023e+02	7.726800000000000335e-02	3.666866992196682849e-03
4.639300000000000068e+02	8.005899999999999128e-02	3.405089053393238214e-03
4.642900000000000205e+02	7.913100000000000689e-02	3.628346614347388675e-03
4.646499999999999773e+02	8.109099999999999642e-02	3.227269493645577164e-03
4.650199999999999818e+02	7.493900000000000561e-02	3.772665340211184010e-03
4.653799999999999955e+02	7.522900000000001808e-02	3.225353993690520307e-03
4.657500000000000000e+02	7.490899999999998948e-02	3.636781850863374070e-03
4.661100000000000136e+02	7.876600000000000268e-02	3.212374199871490931e-03
4.664700000000000273e+02	7.643700000000000494e-02	3.034449145295504188e-03
4.668399999999999750e+02	7.545099999999999030e-02	3.284797019838282817e-03
4.671999999999999886e+02	7.424200000000000244e-02	3.217206576184711720e-03
4.675600000000000023e+02	7.563899999999999790e-02	3.055907129579593217e-03
4.679300000000000068e+02	7.099099999999999855e-02	3.163948956604705365e-03
4.682900000000000205e+02	7.548399999999999554e-02	3.394019899311592932e-03
4.686499999999999773e+02	7.482399999999998774e-02	3.104116423272614955e-03
4.690199999999999818e+02	7.376299999999999524e-02	3.027717609533115035e-03
4.693799999999999955e+02	7.291300000000000558e-02	2.976010765592604357e-03
4.697400000000000091e+02	7.224600000000000466e-02	3.327246077695255461e-03
4.701100000000000136e+02	7.418199999999999794e-02	3.337714280070213421e-03
4.704700000000000273e+02	7.184599999999999320e-02	3.169497218074914316e-03
4.708299999999999841e+02	7.312599999999999656e-02	3.351756646205779431e-03
4.711999999999999886e+02	7.332700000000000329e-02	3.149285156984041583e-03
4.715600000000000023e+02	7.205999999999999905e-02	3.363141617366348628e-03
4.719200000000000159e+02	7.335099999999999953e-02	3.506667813444289562e-03
4.722900000000000205e+02	7.098900000000001043e-02	3.186357324594967563e-03
4.726499999999999773e+02	7.229699999999998627e-02	3.075960650443520204e-03
4.730099999999999909e+02	7.209200000000000330e-02	3.207877035817158305e-03
4.733700000000000045e+02	7.210700000000000442e-02	3.145007533316157740e-03
4.737400000000000091e+02	7.183999999999998720e-02	3.287751628275890729e-03
4.741000000000000227e+02	7.291799999999999671e-02	3.291477292832318841e-03
4.744599999999999795e+02	7.155300000000000549e-02	3.298237536344805244e-03
4.748299999999999841e+02	7.057900000000001672e-02	3.386569730340945571e-03
4.751899999999999977e+02	7.178500000000000159e-02	3.238335576757342144e-03
4.755500000000000114e+02	7.281200000000000172e-02	3.399144643537886385e-03
4.759100000000000250e+02	7.220300000000000329e-02	3.202115658796180105e-03
4.762799999999999727e+02	7.320000000000000118e-02	3.165682816124775357e-03
4.766399999999999864e+02	7.288999999999999646e-02	3.404041489397339505e-03
4.770000000000000000e+02	7.251199999999999313e-02	3.381403168008125480e-03
4.773600000000000136e+02	7.256199999999998762e-02	3.629454462079348149e-03
4.777300000000000182e+02	7.351699999999999902e-02	3.475177040315853821e-03
4.780899999999999750e+02	7.280299999999999272e-02	3.555395910011019053e-03
4.784499999999999886e+02	7.313899999999999568e-02	3.796935292493752289e-03
4.788100000000000023e+02	7.337100000000000566e-02	3.775554050019068290e-03
4.791800000000000068e+02	7.325800000000000367e-02	3.814281624066623126e-03
4.795400000000000205e+02	7.386600000000001498e-02	3.941711303482283227e-03
4.798999999999999773e+02	7.416500000000000870e-02	3.860626144910852230e-03
4.802599999999999909e+02	7.459000000000000352e-02	4.096523666945690000e-03
4.806299999999999955e+02	7.661700000000000454e-02	4.008355129745099117e-03
4.809900000000000091e+02	7.428799999999999293e-02	4.129360315519174478e-03
4.813500000000000227e+02	7.706999999999999962e-02	4.031422730348334545e-03
4.817099999999999795e+02	7.653299999999998993e-02	4.040470088796789365e-03
4.820699999999999932e+02	7.682899999999999452e-02	4.385348060916558106e-03
4.824399999999999977e+02	7.863799999999999957e-02	4.467452345749024258e-03
4.828000000000000114e+02	7.826200000000001211e-02	4.398082589212991972e-03
4.831600000000000250e+02	7.830099999999999560e-02	4.478895373775855851e-03
4.835199999999999818e+02	7.897800000000000653e-02	4.525812430254501882e-03
4.838799999999999955e+02	7.966399999999999870e-02	4.752011266497911841e-03
4.842400000000000091e+02	8.064799999999999747e-02	4.462852106341517848e-03
4.846100000000000136e+02	8.279400000000000648e-02	4.762886681253453852e-03
4.849700000000000273e+02	8.166199999999998460e-02	4.825058915543057290e-03
4.853299999999999841e+02	8.304999999999998495e-02	4.871576431000228420e-03
4.856899999999999977e+02	8.425399999999999556e-02	4.859146680389312550e-03
4.860500000000000114e+02	8.403700000000000059e-02	4.942649561956389756e-03
4.864100000000000250e+02	8.499199999999999811e-02	5.062605106221348961e-03
4.867799999999999727e+02	8.520600000000000396e-02	5.179957706985052757e-03
4.871399999999999864e+02	8.553199999999999692e-02	5.232988085949775992e-03
4.875000000000000000e+02	8.712300000000000599e-02	5.269877104099079251e-03
4.878600000000000136e+02	8.731099999999999972e-02	5.306281248888687803e-03
4.882200000000000273e+02	8.838500000000001910e-02	5.436757694689845107e-03
4.885799999999999841e+02	8.901000000000000578e-02	5.610241047885965344e-03
4.889399999999999977e+02	8.964099999999999846e-02	5.589294499308477236e-03
4.893100000000000023e+02	9.158399999999999874e-02	5.466179540522866746e-03
4.896700000000000159e+02	9.160000000000000087e-02	5.539033656347815138e-03
4.900299999999999727e+02	9.321999999999999731e-02	5.835413504562531745e-03
4.903899999999999864e+02	9.422499999999998932e-02	5.737415291816448659e-03
4.907500000000000000e+02	9.480500000000000038e-02	5.880199401380874734e-03
4.911100000000000136e+02	9.637699999999999045e-02	5.958964165278805153e-03
4.914700000000000273e+02	9.699699999999999989e-02	5.990299472416282453e-03
4.918299999999999841e+02	9.750200000000000533e-02	6.066079560207665242e-03
4.921899999999999977e+02	9.868699999999999695e-02	6.030532321190483838e-03
4.925600000000000023e+02	1.012529999999999958e-01	6.065657938819928388e-03
4.929200000000000159e+02	1.019759999999999972e-01	6.178989735696779721e-03
4.932799999999999727e+02	1.028869999999999924e-01	6.202007745635529715e-03
4.936399999999999864e+02	1.044150000000000078e-01	6.186189239563586774e-03
4.940000000000000000e+02	1.059260000000000063e-01	6.347771529018305173e-03
4.943600000000000136e+02	1.065940000000000082e-01	6.510057686144040540e-03
4.947200000000000273e+02	1.067820000000000019e-01	6.425585492628430387e-03
4.950799999999999841e+02	1.094940000000000080e-01	6.528532312384319018e-03
4.954399999999999977e+02	1.109580000000000011e-01	6.588213461583087606e-03
4.958000000000000114e+02	1.121630000000000127e-01	6.603591219934801075e-03
4.961600000000000250e+02	1.128579999999999861e-01	6.587561682677204287e-03
4.965199999999999818e+02	1.149969999999999881e-01	6.750742870802613725e-03
4.968799999999999955e+02	1.154139999999999888e-01	6.872768471404988415e-03
4.972400000000000091e+02	1.182010000000000005e-01	6.822542662718599632e-03
4.976000000000000227e+02	1.187759999999999927e-01	6.908538217864349483e-03
4.979599999999999795e+02	1.197209999999999663e-01	7.014888940400543400e-03
4.983199999999999932e+02	1.213789999999999869e-01	6.971447090702298510e-03
4.986800000000000068e+02	1.219269999999999798e-01	7.076073992960089584e-03
4.990400000000000205e+02	1.224390000000000062e-01	7.127299461604274036e-03
4.994100000000000250e+02	1.243829999999999936e-01	7.082732203150030222e-03
4.997699999999999818e+02	1.258949999999999791e-01	7.158662772634822105e-03
5.001299999999999955e+02	1.278420000000000112e-01	7.294653025965715590e-03
5.004900000000000091e+02	1.296329999999999982e-01	7.159421984619019144e-03
5.008500000000000227e+02	1.303720000000000157e-01	7.226518238138878759e-03
5.012099999999999795e+02	1.320510000000000017e-01	7.256220615126350755e-03
5.015699999999999932e+02	1.339329999999999965e-01	7.440691246837840243e-03
5.019300000000000068e+02	1.357269999999999865e-01	7.427284735248913979e-03
5.022799999999999727e+02	1.359849999999999948e-01	7.277395693304240278e-03
5.026399999999999864e+02	1.378999999999999670e-01	7.464655796072995446e-03
5.030000000000000000e+02	1.390769999999999507e-01	7.204418307805713836e-03
5.033600000000000136e+02	1.413059999999999872e-01	7.551709760557029881e-03
5.037200000000000273e+02	1.414019999999999722e-01	7.520917579043746339e-03
5.040799999999999841e+02	1.433770000000000322e-01	7.478366856884853184e-03
5.044399999999999977e+02	1.448419999999999985e-01	7.505621052558899588e-03
5.048000000000000114e+02	1.477160000000000140e-01	7.436114390645779358e-03
5.051600000000000250e+02	1.475780000000000147e-01	7.494898039025255955e-03
5.055199999999999818e+02	1.498929999999999985e-01	7.426850150221569156e-03
5.058799999999999955e+02	1.517540000000000000e-01	7.460305335058861273e-03
5.062400000000000091e+02	1.527740000000000209e-01	7.558431278024255531e-03
5.066000000000000227e+02	1.544329999999999870e-01	7.432192041279716416e-03
5.069599999999999795e+02	1.546919999999999962e-01	7.472241121953666909e-03
5.073199999999999932e+02	1.557659999999999878e-01	7.438919400434034455e-03
5.076800000000000068e+02	1.577449999999999686e-01	7.623715352059700495e-03
5.080400000000000205e+02	1.591130000000000044e-01	7.592215958061661503e-03
5.083999999999999773e+02	1.617219999999999769e-01	7.603936308558574032e-03
5.087599999999999909e+02	1.627299999999999858e-01	7.387648423603359119e-03
5.091100000000000136e+02	1.650280000000000080e-01	7.563100890304391526e-03
5.094700000000000273e+02	1.651190000000000158e-01	7.431682328434743162e-03
5.098299999999999841e+02	1.670229999999999770e-01	7.468567574534262787e-03
5.101899999999999977e+02	1.733639999999999903e-01	9.207991278482804964e-03
5.105500000000000114e+02	1.708220000000000016e-01	7.432516066375039268e-03
5.109100000000000250e+02	1.711140000000000438e-01	7.560496035822802073e-03
5.112699999999999818e+02	1.731789999999999996e-01	7.604232976036841458e-03
5.116299999999999955e+02	1.734870000000000023e-01	7.530148742018517340e-03
5.119900000000000091e+02	1.753600000000000159e-01	7.493097028393738528e-03
5.123500000000000227e+02	1.769680000000000142e-01	7.508775153624747123e-03
5.127000000000000455e+02	1.796900000000000164e-01	7.517283265402980447e-03
5.130599999999999454e+02	1.796099999999999919e-01	7.362712397354242815e-03
5.134199999999999591e+02	1.809130000000000460e-01	7.505308382943163756e-03
5.137799999999999727e+02	1.821720000000000006e-01	7.354104641417816626e-03
5.141399999999999864e+02	1.837110000000000132e-01	7.391542406957167695e-03
5.145000000000000000e+02	1.849379999999999913e-01	7.413292510494500984e-03
5.148600000000000136e+02	1.876229999999999842e-01	7.435171825648892972e-03
5.152100000000000364e+02	1.874480000000000035e-01	7.303245516681133517e-03
5.155700000000000500e+02	1.883259999999999934e-01	7.322762845559572902e-03
5.159299999999999500e+02	1.878979999999999817e-01	7.210500548078902470e-03
5.162899999999999636e+02	1.899029999999999885e-01	7.090865527076150102e-03
5.166499999999999773e+02	1.919780000000000375e-01	7.294982237548893085e-03
5.170099999999999909e+02	1.930789999999999729e-01	7.302024634937270137e-03
5.173600000000000136e+02	1.942669999999999952e-01	7.254400791668036939e-03
5.177200000000000273e+02	1.956839999999999968e-01	7.225936532327886276e-03
5.180800000000000409e+02	1.954870000000000219e-01	7.274924905771562242e-03
5.184400000000000546e+02	1.966950000000000087e-01	7.197902178359384499e-03
5.187999999999999545e+02	1.989969999999999795e-01	7.000901046403848992e-03
5.191499999999999773e+02	1.998110000000000164e-01	7.180431254458189902e-03
5.195099999999999909e+02	2.016000000000000014e-01	7.162209371201256475e-03
5.198700000000000045e+02	2.032850000000000212e-01	7.209017029974442922e-03
5.202300000000000182e+02	2.033239999999999770e-01	7.111166646684851864e-03
5.205900000000000318e+02	2.038770000000000027e-01	7.029416438193037547e-03
5.209400000000000546e+02	2.049459999999999893e-01	7.062819136424643846e-03
5.212999999999999545e+02	2.067299999999999971e-01	7.083854665581226957e-03
5.216599999999999682e+02	2.074280000000000013e-01	7.001537501478897856e-03
5.220199999999999818e+02	2.088260000000000116e-01	6.989122009346987983e-03
5.223700000000000045e+02	2.098409999999999997e-01	7.049162465253475812e-03
5.227300000000000182e+02	2.108939999999999981e-01	7.067989726169015760e-03
5.230900000000000318e+02	2.115049999999999986e-01	7.033430637922119012e-03
5.234500000000000455e+02	2.130380000000000051e-01	7.030227132778964910e-03
5.237999999999999545e+02	2.135039999999999993e-01	6.869170725898318848e-03
5.241599999999999682e+02	2.141090000000000215e-01	6.945497872169257951e-03
5.245199999999999818e+02	2.157749999999999946e-01	6.880857420856345205e-03
5.248799999999999955e+02	2.157389999999999863e-01	6.923235954156342284e-03
5.252300000000000182e+02	2.168890000000000262e-01	6.890594420043779159e-03
5.255900000000000318e+02	2.174269999999999814e-01	6.808700096200450379e-03
5.259500000000000455e+02	2.180950000000000111e-01	6.734620227999840551e-03
5.263099999999999454e+02	2.182259999999999756e-01	6.727640482482580807e-03
5.266599999999999682e+02	2.191559999999999897e-01	6.658863404977895945e-03
5.270199999999999818e+02	2.203299999999999981e-01	6.594301735939550949e-03
5.273799999999999955e+02	2.200729999999999631e-01	6.529962663340071506e-03
5.277300000000000182e+02	2.202440000000000231e-01	6.578663904565332579e-03
5.280900000000000318e+02	2.218039999999999734e-01	6.643752901439413730e-03
5.284500000000000455e+02	2.235739999999999950e-01	6.591000180899358497e-03
5.288099999999999454e+02	2.239740000000000342e-01	6.487330635109540833e-03
5.291599999999999682e+02	2.234599999999999920e-01	6.575809163429710037e-03
5.295199999999999818e+02	2.239860000000000184e-01	6.520040726630706510e-03
5.298799999999999955e+02	2.247709999999999986e-01	6.421399973166650073e-03
5.302300000000000182e+02	2.252970000000000250e-01	6.334979819043806866e-03
5.305900000000000318e+02	2.259939999999999727e-01	6.447950682193530000e-03
5.309500000000000455e+02	2.276009999999999978e-01	6.456243781738012395e-03
5.312999999999999545e+02	2.274569999999999648e-01	6.491728826271641814e-03
5.316599999999999682e+02	2.281709999999999849e-01	6.515850077370507684e-03
5.320199999999999818e+02	2.284800000000000164e-01	6.377492152393930171e-03
5.323700000000000045e+02	2.278020000000000045e-01	6.395798115830541621e-03
5.327300000000000182e+02	2.284859999999999669e-01	6.312357745541070063e-03
5.330900000000000318e+02	2.294640000000000291e-01	6.201056882623997256e-03
5.334400000000000546e+02	2.299460000000000393e-01	6.269130377676613436e-03
5.337999999999999545e+02	2.300860000000000127e-01	6.377777428154493035e-03
5.341499999999999773e+02	2.318800000000000028e-01	6.384692149677527288e-03
5.345099999999999909e+02	2.314240000000000186e-01	6.287328795650454390e-03
5.348700000000000045e+02	2.323959999999999915e-01	6.313970127362874066e-03
5.352200000000000273e+02	2.323789999999999745e-01	6.280434508486225885e-03
5.355800000000000409e+02	2.317670000000000008e-01	6.171726232773753172e-03
5.359400000000000546e+02	2.324219999999999897e-01	6.262027295225872266e-03
5.362899999999999636e+02	2.333940000000000181e-01	6.334642992793977807e-03
5.366499999999999773e+02	2.329409999999999814e-01	6.312919896164108369e-03
5.370000000000000000e+02	2.326990000000000447e-01	6.240770224900125951e-03
5.373600000000000136e+02	2.313089999999999868e-01	6.141347064710703067e-03
5.377200000000000273e+02	2.315710000000000268e-01	6.206547095298145869e-03
5.380700000000000500e+02	2.325170000000000015e-01	6.192153850454002947e-03
5.384299999999999500e+02	2.334839999999999693e-01	6.310252000331864446e-03
5.387799999999999727e+02	2.317769999999999830e-01	6.192949222860066015e-03
5.391399999999999864e+02	2.314489999999999603e-01	6.281820222490634882e-03
5.394900000000000091e+02	2.333879999999999844e-01	6.274898074562955744e-03
5.398500000000000227e+02	2.343399999999999928e-01	6.170320649940073954e-03
5.402100000000000364e+02	2.328549999999999787e-01	6.268427511069938132e-03
5.405599999999999454e+02	2.340110000000000245e-01	6.292185073565464970e-03
5.409199999999999591e+02	2.336619999999999808e-01	6.199670313815079832e-03
5.412699999999999818e+02	2.317379999999999995e-01	6.120855118740793806e-03
5.416299999999999955e+02	2.333999999999999964e-01	6.015739739664993299e-03
5.419800000000000182e+02	2.334870000000000556e-01	6.196966758019604483e-03
5.423400000000000318e+02	2.335690000000000544e-01	6.150360521015136098e-03
5.426900000000000546e+02	2.347070000000000545e-01	6.121067535098006704e-03
5.430499999999999545e+02	2.347430000000000072e-01	6.122387549615941268e-03
5.434099999999999682e+02	2.329029999999999989e-01	6.258680009517857828e-03
5.437599999999999909e+02	2.320040000000000158e-01	6.236013914229310631e-03
5.441200000000000045e+02	2.311040000000000316e-01	6.198304879934140275e-03
5.444700000000000273e+02	2.310040000000000426e-01	6.117390745935844670e-03
5.448300000000000409e+02	2.311480000000000479e-01	6.172747898252819478e-03
5.451799999999999500e+02	2.314109999999999778e-01	6.212924302179722962e-03
5.455399999999999636e+02	2.308570000000000066e-01	6.273556965549924314e-03
5.458899999999999864e+02	2.309130000000000071e-01	6.303345271788990747e-03
5.462500000000000000e+02	2.302039999999999920e-01	6.325367754587021482e-03
5.466000000000000227e+02	2.293949999999999600e-01	6.157788720236909152e-03
5.469600000000000364e+02	2.300540000000000362e-01	6.313765815203381190e-03
5.473099999999999454e+02	2.293460000000000498e-01	6.177536501775544690e-03
5.476699999999999591e+02	2.286849999999999716e-01	6.106914271796922387e-03
5.480199999999999818e+02	2.289480000000000126e-01	6.234105179142824908e-03
5.483700000000000045e+02	2.266019999999999701e-01	6.229823531270304443e-03
5.487300000000000182e+02	2.274270000000000458e-01	6.344263677952282146e-03
5.490800000000000409e+02	2.275230000000000030e-01	6.358965209722534755e-03
5.494400000000000546e+02	2.256410000000000360e-01	6.280390170388115353e-03
5.497899999999999636e+02	2.257669999999999677e-01	6.349673528857757189e-03
5.501499999999999773e+02	2.242710000000000259e-01	6.385523706008772865e-03
5.505000000000000000e+02	2.249749999999999805e-01	6.520793515893835018e-03
5.508600000000000136e+02	2.252930000000000210e-01	6.483481739122776144e-03
5.512100000000000364e+02	2.238269999999999982e-01	6.357663703691065864e-03
5.515700000000000500e+02	2.220320000000000071e-01	6.383760623042476594e-03
5.519199999999999591e+02	2.217950000000000199e-01	6.298050278275992876e-03
5.522699999999999818e+02	2.211730000000000085e-01	6.249682459625757053e-03
5.526299999999999955e+02	2.207040000000000113e-01	6.319877213997121893e-03
5.529800000000000182e+02	2.204220000000000346e-01	6.483559065347221408e-03
5.533400000000000318e+02	2.202519999999999756e-01	6.563144977828842992e-03
5.536900000000000546e+02	2.194269999999999832e-01	6.483761378658580397e-03
5.540399999999999636e+02	2.200099999999999834e-01	6.430708777779892832e-03
5.543999999999999773e+02	2.200449999999999906e-01	6.384922895745519765e-03
5.547500000000000000e+02	2.182800000000000296e-01	6.601995269497058609e-03
5.551100000000000136e+02	2.174589999999999856e-01	6.589443941755515968e-03
5.554600000000000364e+02	2.168479999999999852e-01	6.754146282099608364e-03
5.558099999999999454e+02	2.151190000000000047e-01	6.645181533666673357e-03
5.561699999999999591e+02	2.152969999999999884e-01	6.701912132426776983e-03
5.565199999999999818e+02	2.152909999999999824e-01	6.737740599386072768e-03
5.568799999999999955e+02	2.143320000000000225e-01	6.730713735155833058e-03
5.572300000000000182e+02	2.136689999999999701e-01	6.682239312593437654e-03
5.575800000000000409e+02	2.120029999999999970e-01	6.763814359686972852e-03
5.579400000000000546e+02	2.113249999999999851e-01	6.722059923519324229e-03
5.582899999999999636e+02	2.104529999999999457e-01	6.710981820866453347e-03
5.586399999999999864e+02	2.091600000000000126e-01	6.559143940391094774e-03
5.590000000000000000e+02	2.082609999999999739e-01	6.564591082232243413e-03
5.593500000000000227e+02	2.069779999999999676e-01	6.672978437756953499e-03
5.597000000000000455e+02	2.075660000000000005e-01	6.934644597404233946e-03
5.600599999999999454e+02	2.057590000000000252e-01	6.947334790573122913e-03
5.604099999999999682e+02	2.052100000000000313e-01	7.025905471347282209e-03
5.607599999999999909e+02	2.049039999999999750e-01	6.971464276165095265e-03
5.611200000000000045e+02	2.041229999999999989e-01	6.938511816720443516e-03
5.614700000000000273e+02	2.022520000000000151e-01	6.969644820439341130e-03
5.618200000000000500e+02	2.018999999999999684e-01	6.928465919667934660e-03
5.621799999999999500e+02	2.013679999999999914e-01	7.044269880821298416e-03
5.625299999999999727e+02	2.003159999999999941e-01	7.088233500234466904e-03
5.628799999999999955e+02	1.983259999999999745e-01	6.964801526798327681e-03
5.632400000000000091e+02	1.980860000000000121e-01	7.130276421440745645e-03
5.635900000000000318e+02	1.966100000000000070e-01	7.071710597106671548e-03
5.639400000000000546e+02	1.945910000000000140e-01	7.173678216497181466e-03
5.642899999999999636e+02	1.946100000000000052e-01	7.186779957244148441e-03
5.646499999999999773e+02	1.933560000000000001e-01	7.054784214112598886e-03
5.650000000000000000e+02	1.926249999999999907e-01	7.046344851710760471e-03
5.653500000000000227e+02	1.907769999999999744e-01	7.102488410084498160e-03
5.657100000000000364e+02	1.901779999999999859e-01	7.134286962376722684e-03
5.660599999999999454e+02	1.894730000000000025e-01	7.110367409094109532e-03
5.664099999999999682e+02	1.883819999999999939e-01	7.151018087818523591e-03
5.667599999999999909e+02	1.867219999999999991e-01	7.188783335596773266e-03
5.671200000000000045e+02	1.859109999999999929e-01	7.289026573186255069e-03
5.674700000000000273e+02	1.839579999999999826e-01	7.122641774380757303e-03
5.678200000000000500e+02	1.837240000000000262e-01	7.202923145928591224e-03
5.681699999999999591e+02	1.820480000000000431e-01	7.248624782037573107e-03
5.685299999999999727e+02	1.822519999999999973e-01	7.251712031280294762e-03
5.688799999999999955e+02	1.808209999999999817e-01	7.227548414014469715e-03
5.692300000000000182e+02	1.784470000000000223e-01	7.224051287193357200e-03
5.695800000000000409e+02	1.768870000000000164e-01	7.122728523212478596e-03
5.699400000000000546e+02	1.766379999999999895e-01	7.225660874752085940e-03
5.702899999999999636e+02	1.752619999999999734e-01	7.287396475053034041e-03
5.706399999999999864e+02	1.739279999999999993e-01	7.160966071482469629e-03
5.709900000000000091e+02	1.728959999999999941e-01	7.284798629812843686e-03
5.713400000000000318e+02	1.710550000000000126e-01	7.257823709625358527e-03
5.717000000000000455e+02	1.706650000000000111e-01	7.228893228405875067e-03
5.720499999999999545e+02	1.695490000000000053e-01	7.132953800710961113e-03
5.723999999999999773e+02	1.686749999999999916e-01	7.296325972179950464e-03
5.727500000000000000e+02	1.663110000000000421e-01	7.324979018084941222e-03
5.731000000000000227e+02	1.647440000000000015e-01	7.258024227867230366e-03
5.734600000000000364e+02	1.637929999999999942e-01	7.170918302957600063e-03
5.738099999999999454e+02	1.624970000000000026e-01	7.218741851810255017e-03
5.741599999999999682e+02	1.611279999999999935e-01	7.152623918750163935e-03
5.745099999999999909e+02	1.599659999999999971e-01	7.278376530729701969e-03
5.748600000000000136e+02	1.601929999999999743e-01	7.356380595207024330e-03
5.752100000000000364e+02	1.580199999999999938e-01	7.257022169542460925e-03
5.755700000000000500e+02	1.566589999999999927e-01	7.212005423650847541e-03
5.759199999999999591e+02	1.551770000000000371e-01	7.147273611449548973e-03
5.762699999999999818e+02	1.543809999999999905e-01	7.186384503404283190e-03
5.766200000000000045e+02	1.527320000000000066e-01	7.155165514400175890e-03
5.769700000000000273e+02	1.520159999999999845e-01	7.163330359975995931e-03
5.773200000000000500e+02	1.502580000000000027e-01	7.102614773122967705e-03
5.776699999999999591e+02	1.494530000000000025e-01	7.157708598749700467e-03
5.780199999999999818e+02	1.491210000000000035e-01	7.169582162484463249e-03
5.783799999999999955e+02	1.483779999999999821e-01	7.207649547529347382e-03
5.787300000000000182e+02	1.471319999999999850e-01	7.317519209719603422e-03
5.790800000000000409e+02	1.453679999999999972e-01	7.317195953053644113e-03
5.794299999999999500e+02	1.445839999999999903e-01	7.237987204273764116e-03
5.797799999999999727e+02	1.432009999999999950e-01	7.246871415148218101e-03
5.801299999999999955e+02	1.413059999999999872e-01	7.215062257847493742e-03
5.804800000000000182e+02	1.405700000000000005e-01	7.177909487823361245e-03
5.808300000000000409e+02	1.385050000000000170e-01	7.179359972545227252e-03
5.811799999999999500e+02	1.373149999999999926e-01	7.267156173232678512e-03
5.815399999999999636e+02	1.366210000000000202e-01	7.140916494723586506e-03
5.818899999999999864e+02	1.352569999999999883e-01	7.135503114168452107e-03
5.822400000000000091e+02	1.337919999999999943e-01	7.094190559345562273e-03
5.825900000000000318e+02	1.328280000000000016e-01	7.109860411915488662e-03
5.829400000000000546e+02	1.315640000000000143e-01	7.032450847540775395e-03
5.832899999999999636e+02	1.302850000000000119e-01	7.070416182941427138e-03
5.836399999999999864e+02	1.286820000000000186e-01	7.077373893667710664e-03
5.839900000000000091e+02	1.276059999999999972e-01	7.037739169320258656e-03
5.843400000000000318e+02	1.261049999999999949e-01	6.931735408195466644e-03
5.846900000000000546e+02	1.249749999999999889e-01	6.910700092554355328e-03
5.850399999999999636e+02	1.238589999999999830e-01	6.899886559825569622e-03
5.853899999999999864e+02	1.226399999999999990e-01	6.790622493273634243e-03
5.857400000000000091e+02	1.206419999999999992e-01	6.800487403346684202e-03
5.860900000000000318e+02	1.206159999999999871e-01	6.815162868418985637e-03
5.864400000000000546e+02	1.187820000000000126e-01	6.714565545255958903e-03
5.867899999999999636e+02	1.176210000000000033e-01	6.784332340598619310e-03
5.871399999999999864e+02	1.161470000000000002e-01	6.698755802960152175e-03
5.874900000000000091e+02	1.148029999999999884e-01	6.646095562867662503e-03
5.878400000000000318e+02	1.136070000000000135e-01	6.615264056593774845e-03
5.881900000000000546e+02	1.126500000000000001e-01	6.618756564607771072e-03
5.885399999999999636e+02	1.119210000000000066e-01	6.708683173550300007e-03
5.888899999999999864e+02	1.103019999999999834e-01	6.617687929969313931e-03
5.892400000000000091e+02	1.097180000000000100e-01	6.684305015367084102e-03
5.895900000000000318e+02	1.082569999999999782e-01	6.630546450389231301e-03
5.899400000000000546e+02	1.074149999999999966e-01	6.600342327951926394e-03
5.902899999999999636e+02	1.062860000000000193e-01	6.468051924057792793e-03
5.906399999999999864e+02	1.054290000000000227e-01	6.496139735376576206e-03
5.909900000000000091e+02	1.036429999999999990e-01	6.407555161982310919e-03
5.913400000000000318e+02	1.025620000000000004e-01	6.321409385207116260e-03
5.916900000000000546e+02	1.016269999999999951e-01	6.332216290829474105e-03
5.920399999999999636e+02	1.001049999999999995e-01	6.177019601219197430e-03
5.923899999999999864e+02	9.871800000000000019e-02	6.147474878729913481e-03
5.927400000000000091e+02	9.789499999999999591e-02	6.184849012521836074e-03
5.930900000000000318e+02	9.734599999999998809e-02	6.218375647410479337e-03
5.934400000000000546e+02	9.632899999999999796e-02	6.216927444176410626e-03
5.937899999999999636e+02	9.504100000000000048e-02	6.124176359064382666e-03
5.941399999999999864e+02	9.358499999999998764e-02	6.105331119351600951e-03
5.944900000000000091e+02	9.225599999999999079e-02	6.025350956902523862e-03
5.948400000000000318e+02	9.182300000000000184e-02	6.027718033576860528e-03
5.951900000000000546e+02	9.091299999999999382e-02	6.044607775021151007e-03
5.955299999999999727e+02	9.038500000000000700e-02	6.007710078275696995e-03
5.958799999999999955e+02	8.912900000000001377e-02	5.976809214339653259e-03
5.962300000000000182e+02	8.803700000000000414e-02	5.911902082305593893e-03
5.965800000000000409e+02	8.652999999999999581e-02	5.839762244896881498e-03
5.969299999999999500e+02	8.575499999999999790e-02	5.814604325449708976e-03
5.972799999999999727e+02	8.512000000000000122e-02	5.819951889835516326e-03
5.976299999999999955e+02	8.456299999999999928e-02	5.696595751310265347e-03
5.979800000000000182e+02	8.280800000000002048e-02	5.647736074679019468e-03
5.983300000000000409e+02	8.234299999999998565e-02	5.682886461866146731e-03
5.986699999999999591e+02	8.115899999999999503e-02	5.536482005750584592e-03
5.990199999999999818e+02	8.025699999999999501e-02	5.446995085507095810e-03
5.993700000000000045e+02	7.902399999999999702e-02	5.404023173667787602e-03
5.997200000000000273e+02	7.823399999999999799e-02	5.382603773696832856e-03
6.000700000000000500e+02	7.714000000000000024e-02	5.377209885604815158e-03
6.004199999999999591e+02	7.648200000000000831e-02	5.291843476957287101e-03
6.007699999999999818e+02	7.520799999999999708e-02	5.196066085918342806e-03
6.011200000000000045e+02	7.462699999999999889e-02	5.212534309055137823e-03
6.014600000000000364e+02	7.387699999999999823e-02	5.191777826525321993e-03
6.018099999999999454e+02	7.311100000000000931e-02	5.127169026935744431e-03
6.021599999999999682e+02	7.224999999999999478e-02	5.049247621028458456e-03
6.025099999999999909e+02	7.122300000000000852e-02	4.977682199269362930e-03
6.028600000000000136e+02	7.068099999999999383e-02	4.918871735860385654e-03
6.032100000000000364e+02	6.965699999999999670e-02	4.947974418502368125e-03
6.035499999999999545e+02	6.873799999999999355e-02	4.829794676317474347e-03
6.038999999999999773e+02	6.838500000000000134e-02	4.836238883519045767e-03
6.042500000000000000e+02	6.735800000000000121e-02	4.767120369298914924e-03
6.046000000000000227e+02	6.567900000000000127e-02	4.681807745863853822e-03
6.049500000000000455e+02	6.556700000000000028e-02	4.668154148466623424e-03
6.052899999999999636e+02	6.521200000000000607e-02	4.597333976589876997e-03
6.056399999999999864e+02	6.432100000000000317e-02	4.504757220470889667e-03
6.059900000000000091e+02	6.317300000000000693e-02	4.391086434690515995e-03
6.063400000000000318e+02	6.267400000000000748e-02	4.400169087660154091e-03
6.066799999999999500e+02	6.246000000000000163e-02	4.383694262219411594e-03
6.070299999999999727e+02	6.137299999999999700e-02	4.358146050788110071e-03
6.073799999999999955e+02	6.082699999999999912e-02	4.322161505187316170e-03
6.077300000000000182e+02	6.028199999999998837e-02	4.228352070342444001e-03
6.080800000000000409e+02	5.957500000000000989e-02	4.280411060418595932e-03
6.084199999999999591e+02	5.881500000000000616e-02	4.071009183142525016e-03
6.087699999999999818e+02	5.824599999999999916e-02	4.031983898014245699e-03
6.091200000000000045e+02	5.782000000000000334e-02	4.004077921319714947e-03
6.094700000000000273e+02	5.679900000000000226e-02	3.929323185016433788e-03
6.098099999999999454e+02	5.612299999999999928e-02	3.814968101489790275e-03
6.101599999999999682e+02	5.529500000000000387e-02	3.796889668379389935e-03
6.105099999999999909e+02	5.468199999999999450e-02	3.726536812562652491e-03
6.108600000000000136e+02	5.391900000000000859e-02	3.655750254472660971e-03
6.112000000000000455e+02	5.352599999999999719e-02	3.607074501800379505e-03
6.115499999999999545e+02	5.315999999999999892e-02	3.589940432332033686e-03
6.118999999999999773e+02	5.257700000000000568e-02	3.531830654098632154e-03
6.122400000000000091e+02	5.244400000000000450e-02	3.461107915104642396e-03
6.125900000000000318e+02	5.181800000000000989e-02	3.425597713145502564e-03
6.129400000000000546e+02	5.126899999999999513e-02	3.354424047777455550e-03
6.132799999999999727e+02	5.065900000000000958e-02	3.287924631833184959e-03
6.136299999999999955e+02	5.013400000000001189e-02	3.216515362457184578e-03
6.139800000000000182e+02	4.979200000000000292e-02	3.180735715570799736e-03
6.143300000000000409e+02	4.893499999999999933e-02	3.056787214858613152e-03
6.146699999999999591e+02	4.834999999999999715e-02	2.967192145913242433e-03
6.150199999999999818e+02	4.801100000000000506e-02	2.963423552893874099e-03
6.153700000000000045e+02	4.728800000000000364e-02	2.877831929662434673e-03
6.157100000000000364e+02	4.683500000000000163e-02	2.872995555433119352e-03
6.160599999999999454e+02	4.702800000000000036e-02	2.815153992235593962e-03
6.164099999999999682e+02	4.642700000000000299e-02	2.771562194864116580e-03
6.167500000000000000e+02	4.571900000000000269e-02	2.727913107684503454e-03
6.171000000000000227e+02	4.538199999999999179e-02	2.661174928485536377e-03
6.174500000000000455e+02	4.513299999999999951e-02	2.618546587473522327e-03
6.177899999999999636e+02	4.461700000000000388e-02	2.511024323626944409e-03
6.181399999999999864e+02	4.438399999999999290e-02	2.504554988876805076e-03
6.184800000000000182e+02	4.419900000000000218e-02	2.432373468920365472e-03
6.188300000000000409e+02	4.382200000000000678e-02	2.395911196505092280e-03
6.191799999999999500e+02	4.333299999999999652e-02	2.323062319108452206e-03
6.195199999999999818e+02	4.294499999999999706e-02	2.234598311863815988e-03
6.198700000000000045e+02	4.303699999999999887e-02	2.219222680961130661e-03
6.202200000000000273e+02	4.300299999999999956e-02	2.150895359182739431e-03
6.205599999999999454e+02	4.216799999999999715e-02	2.098168725341220762e-03
6.209099999999999682e+02	4.165200000000000846e-02	2.067061012831800972e-03
6.212500000000000000e+02	4.157599999999999490e-02	2.014282158830936302e-03
6.216000000000000227e+02	4.172700000000000020e-02	1.979204988023065739e-03
6.219500000000000455e+02	4.113699999999999996e-02	1.908465372209586317e-03
6.222899999999999636e+02	4.071100000000000413e-02	1.847440828655850208e-03
6.226399999999999864e+02	4.085499999999999549e-02	1.847184656131095181e-03
6.229800000000000182e+02	4.071699999999999625e-02	1.825701993544063531e-03
6.233300000000000409e+02	4.032799999999999579e-02	1.777893654343207881e-03
6.236699999999999591e+02	4.033199999999999980e-02	1.735756009085644104e-03
6.240199999999999818e+02	3.998899999999999677e-02	1.648374700681296597e-03
6.243700000000000045e+02	4.004900000000000820e-02	1.668075560915355379e-03
6.247100000000000364e+02	3.956300000000000094e-02	1.593737286525460711e-03
6.250599999999999454e+02	3.962200000000000444e-02	1.560499328370939295e-03
6.253999999999999773e+02	3.942400000000000071e-02	1.523432460445313516e-03
6.257500000000000000e+02	3.923100000000000198e-02	1.514034066276632442e-03
6.260900000000000318e+02	3.935299999999999215e-02	1.488695376185780609e-03
6.264400000000000546e+02	3.921000000000000180e-02	1.469873882606678728e-03
6.267799999999999727e+02	3.912200000000000399e-02	1.447663263012819281e-03
6.271299999999999955e+02	3.908799999999999775e-02	1.455500865417389857e-03
6.274700000000000273e+02	3.927799999999999347e-02	1.456174017496113032e-03
6.278200000000000500e+02	3.883200000000000540e-02	1.410155910638144060e-03
6.281599999999999682e+02	3.873800000000000160e-02	1.442958925797426179e-03
6.285099999999999909e+02	3.909300000000000275e-02	1.438099734425205521e-03
6.288500000000000227e+02	3.865999999999999298e-02	1.391826691244832078e-03
6.292000000000000455e+02	3.846900000000000319e-02	1.394489402006229579e-03
6.295399999999999636e+02	3.906700000000000450e-02	1.437606477661875675e-03
6.298899999999999864e+02	3.863999999999999380e-02	1.435007370659173139e-03
6.302300000000000182e+02	3.843900000000000095e-02	1.442351952141415978e-03
6.305800000000000409e+02	3.928500000000000048e-02	1.482524484166735821e-03
6.309199999999999591e+02	3.903399999999999925e-02	1.481105200647346749e-03
6.312699999999999818e+02	3.909300000000000275e-02	1.518241923562097060e-03
6.316100000000000136e+02	3.912799999999999612e-02	1.505634954225165516e-03
6.319600000000000364e+02	3.927700000000000635e-02	1.569381578349108089e-03
6.322999999999999545e+02	3.918899999999999467e-02	1.618376418133071716e-03
6.326499999999999773e+02	3.974300000000000055e-02	1.635229012425147262e-03
6.329900000000000091e+02	3.890100000000000502e-02	1.643240443102029049e-03
6.333400000000000318e+02	3.965599999999999681e-02	1.683849618719421033e-03
6.336799999999999500e+02	3.994799999999999740e-02	1.710320617716052337e-03
6.340199999999999818e+02	3.995400000000000340e-02	1.754904424309637178e-03
6.343700000000000045e+02	4.048100000000000309e-02	1.763056546062939916e-03
6.347100000000000364e+02	4.050299999999999734e-02	1.773345838108985597e-03
6.350599999999999454e+02	4.042300000000000060e-02	1.858184411648184427e-03
6.353999999999999773e+02	4.058199999999999308e-02	1.890796657496517010e-03
6.357500000000000000e+02	4.063799999999999357e-02	1.980394210951251597e-03
6.360900000000000318e+02	4.106700000000000628e-02	1.980417224883531009e-03
6.364299999999999500e+02	4.152300000000000435e-02	2.048119606633588569e-03
6.367799999999999727e+02	4.155799999999999772e-02	2.064706647071573326e-03
6.371200000000000045e+02	4.156399999999999678e-02	2.074388584619574465e-03
6.374700000000000273e+02	4.194299999999999418e-02	2.166037875228195905e-03
6.378099999999999454e+02	4.225600000000000189e-02	2.186873497097555595e-03
6.381499999999999773e+02	4.235799999999999982e-02	2.226209196058490016e-03
6.385000000000000000e+02	4.272800000000000209e-02	2.229209518399532727e-03
6.388400000000000318e+02	4.277399999999999258e-02	2.302622985941167513e-03
6.391799999999999500e+02	4.310399999999999648e-02	2.356077313606729819e-03
6.395299999999999727e+02	4.349699999999999400e-02	2.445776909758470580e-03
6.398700000000000045e+02	4.381499999999999978e-02	2.499405852474666928e-03
6.402200000000000273e+02	4.423799999999999955e-02	2.522924371560786218e-03
6.405599999999999454e+02	4.450900000000000689e-02	2.577018685941626780e-03
6.408999999999999773e+02	4.517900000000000388e-02	2.671542755096330789e-03
6.412500000000000000e+02	4.480099999999999361e-02	2.671960804065347857e-03
6.415900000000000318e+02	4.560399999999999870e-02	2.698894417520455134e-03
6.419299999999999500e+02	4.593399999999999567e-02	2.768560359020272484e-03
6.422799999999999727e+02	4.623999999999999638e-02	2.795010389412367919e-03
6.426200000000000045e+02	4.623700000000000032e-02	2.831041137651822085e-03
6.429600000000000364e+02	4.628900000000000375e-02	2.911619018294170271e-03
6.433099999999999454e+02	4.710299999999999210e-02	2.940220831580774193e-03
6.436499999999999773e+02	4.760599999999999554e-02	3.017679240741135901e-03
6.439900000000000091e+02	4.815300000000000136e-02	2.974695601751030805e-03
6.443300000000000409e+02	4.892000000000000515e-02	3.069730882717195894e-03
6.446799999999999500e+02	4.903899999999999232e-02	3.150888629235593010e-03
6.450199999999999818e+02	4.939899999999999847e-02	3.174910404550509383e-03
6.453600000000000136e+02	4.969799999999999912e-02	3.201614688775746703e-03
6.457100000000000364e+02	5.044600000000000473e-02	3.237717192001892015e-03
6.460499999999999545e+02	5.042499999999999760e-02	3.281827176343174619e-03
6.463899999999999864e+02	5.085599999999999843e-02	3.290401705660782501e-03
6.467400000000000091e+02	5.129900000000000432e-02	3.334695107733008645e-03
6.470800000000000409e+02	5.178199999999999470e-02	3.364897255260781202e-03
6.474199999999999591e+02	5.270999999999999991e-02	3.459054339422398643e-03
6.477599999999999909e+02	5.282099999999999296e-02	3.488380150861295371e-03
6.481100000000000136e+02	5.356400000000000050e-02	3.516440551729285106e-03
6.484500000000000455e+02	5.396600000000000008e-02	3.547668616906688409e-03
6.487899999999999636e+02	5.423600000000000643e-02	3.591662182161517447e-03
6.491299999999999955e+02	5.476699999999999624e-02	3.634521246644142108e-03
6.494800000000000182e+02	5.545999999999999541e-02	3.663530033682309891e-03
6.498200000000000500e+02	5.570100000000000051e-02	3.713207497982966981e-03
6.501599999999999682e+02	5.584599999999999287e-02	3.705272791784493779e-03
6.505000000000000000e+02	5.664599999999999497e-02	3.885056419746743886e-03
6.508400000000000318e+02	5.734000000000000208e-02	3.875373133399791746e-03
6.511900000000000546e+02	5.768900000000000416e-02	3.905177519849573672e-03
6.515299999999999727e+02	5.875100000000001155e-02	3.994671922602752862e-03
6.518700000000000045e+02	5.936400000000000704e-02	4.038406235518775082e-03
6.522100000000000364e+02	6.003399999999999709e-02	4.018149057234418099e-03
6.525499999999999545e+02	6.022199999999999775e-02	4.097834662730662734e-03
6.528999999999999773e+02	6.058700000000000196e-02	4.138535238834740657e-03
6.532400000000000091e+02	6.151700000000000224e-02	4.168113952746124382e-03
6.535800000000000409e+02	6.205199999999999605e-02	4.235185183490981775e-03
6.539199999999999591e+02	6.792400000000001214e-02	4.540688900630355206e-03
6.542599999999999909e+02	6.355700000000000238e-02	4.260468383423803018e-03
6.546100000000000136e+02	6.339600000000000790e-02	4.293947654727342869e-03
6.549500000000000455e+02	6.454899999999999527e-02	4.381487357226820055e-03
6.552899999999999636e+02	6.506599999999999884e-02	4.353511791999296020e-03
6.556299999999999955e+02	6.476500000000000312e-02	4.345002478533416604e-03
6.559700000000000273e+02	6.595000000000002249e-02	4.373563940136412746e-03
6.563099999999999454e+02	6.649800000000000155e-02	4.458935160913508021e-03
6.566599999999999682e+02	6.704599999999999449e-02	4.446147372899200353e-03
6.570000000000000000e+02	6.837700000000000722e-02	4.467845987635514840e-03
6.573400000000000318e+02	6.816000000000001224e-02	4.492168741265180690e-03
6.576799999999999500e+02	6.948099999999998722e-02	4.589064333994291763e-03
6.580199999999999818e+02	6.966800000000000770e-02	4.675699667923014814e-03
6.583600000000000136e+02	7.026200000000000501e-02	4.718521248148700199e-03
6.587000000000000455e+02	7.064099999999999546e-02	4.698906656790574274e-03
6.590399999999999636e+02	7.144399999999999362e-02	4.711658241491565105e-03
6.593899999999999864e+02	7.177499999999999158e-02	4.712199755789385318e-03
6.597300000000000182e+02	7.310300000000000131e-02	4.735619860328578283e-03
6.600700000000000500e+02	7.342199999999998727e-02	4.872190756654625442e-03
6.604099999999999682e+02	7.447899999999998966e-02	4.872576075895031569e-03
6.607500000000000000e+02	7.545999999999999930e-02	4.903985192599052620e-03
6.610900000000000318e+02	7.597800000000000387e-02	4.898622066851671814e-03
6.614299999999999500e+02	7.630800000000000083e-02	4.998398328080091123e-03
6.617699999999999818e+02	7.686400000000000177e-02	4.949057750257579782e-03
6.621100000000000136e+02	7.749399999999999344e-02	5.052669241256394286e-03
6.624500000000000455e+02	7.779800000000000604e-02	5.007079572580592532e-03
6.627899999999999636e+02	7.874600000000001043e-02	5.019419089894766768e-03
6.631299999999999955e+02	7.979699999999999294e-02	5.138886747146700906e-03
6.634700000000000273e+02	8.098700000000000343e-02	5.153182743180702817e-03
6.638200000000000500e+02	8.137199999999999989e-02	5.101777337359990686e-03
6.641599999999999682e+02	8.192400000000001070e-02	5.167015534954538629e-03
6.645000000000000000e+02	8.230700000000000516e-02	5.162099908132199502e-03
6.648400000000000318e+02	8.311199999999999144e-02	5.173968838180370740e-03
6.651799999999999500e+02	8.347999999999999865e-02	5.150257499163736485e-03
6.655199999999999818e+02	8.443000000000000504e-02	5.262250030606241066e-03
6.658600000000000136e+02	8.554900000000001392e-02	5.254488550094760409e-03
6.662000000000000455e+02	8.626799999999998358e-02	5.291541988436320940e-03
6.665399999999999636e+02	8.737700000000001022e-02	5.352888084590770243e-03
6.668799999999999955e+02	8.755300000000000582e-02	5.343967418429005668e-03
6.672200000000000273e+02	8.793200000000001015e-02	5.360591213088920261e-03
6.675599999999999454e+02	8.943199999999998373e-02	5.420881960600989168e-03
6.678999999999999773e+02	8.956900000000000972e-02	5.379795027550913523e-03
6.682400000000000091e+02	9.083600000000000008e-02	5.327790738556287091e-03
6.685800000000000409e+02	9.092300000000000382e-02	5.402017863724627687e-03
6.689199999999999591e+02	9.157200000000000062e-02	5.420911192211706232e-03
6.692599999999999909e+02	9.280100000000000848e-02	5.541148790916638686e-03
6.696000000000000227e+02	9.337000000000000854e-02	5.475150577486782161e-03
6.699400000000000546e+02	9.451099999999998391e-02	5.495592562716472909e-03
6.702799999999999727e+02	9.533600000000000407e-02	5.592098161348193694e-03
6.706200000000000045e+02	9.564600000000000879e-02	5.648284586423630953e-03
6.709600000000000364e+02	9.676300000000001567e-02	5.670754535333019306e-03
6.712999999999999545e+02	9.705199999999999938e-02	5.686765715913774319e-03
6.716299999999999955e+02	9.833999999999999686e-02	5.603671873114847955e-03
6.719700000000000273e+02	9.834800000000000486e-02	5.648763077673934346e-03
6.723099999999999454e+02	9.884500000000000230e-02	5.707235522360394261e-03
6.726499999999999773e+02	9.961699999999999722e-02	5.655165242773806458e-03
6.729900000000000091e+02	9.983599999999999419e-02	5.657850937482291308e-03
6.733300000000000409e+02	1.012150000000000133e-01	5.695189366744262370e-03
6.736699999999999591e+02	1.020890000000000131e-01	5.670441639291898088e-03
6.740099999999999909e+02	1.028189999999999937e-01	5.694091870594399606e-03
6.743500000000000227e+02	1.037959999999999994e-01	5.751231734292964852e-03
6.746900000000000546e+02	1.037819999999999993e-01	5.784970952656280641e-03
6.750299999999999727e+02	1.048680000000000029e-01	5.804661362944571121e-03
6.753700000000000045e+02	1.061940000000000106e-01	5.877368877574124482e-03
6.757000000000000455e+02	1.069100000000000189e-01	5.918325906746057900e-03
6.760399999999999636e+02	1.074670000000000070e-01	5.829125023402872627e-03
6.763799999999999955e+02	1.087560000000000054e-01	5.796792508328669352e-03
6.767200000000000273e+02	1.088560000000000222e-01	5.888255481497438500e-03
6.770599999999999454e+02	1.095480000000000065e-01	5.911079661891791882e-03
6.773999999999999773e+02	1.109639999999999932e-01	5.857851430739379785e-03
6.777400000000000091e+02	1.115310000000000051e-01	5.890236569625523048e-03
6.780800000000000409e+02	1.124060000000000059e-01	5.860253761898553959e-03
6.784099999999999682e+02	1.128700000000000259e-01	5.779284624348480018e-03
6.787500000000000000e+02	1.135859999999999925e-01	5.788963265759052186e-03
6.790900000000000318e+02	1.146770000000000012e-01	5.833371376432723056e-03
6.794299999999999500e+02	1.154890000000000222e-01	5.940763024030861449e-03
6.797699999999999818e+02	1.163890000000000063e-01	6.007640577439059965e-03
6.801100000000000136e+02	1.166099999999999914e-01	6.007547688597173439e-03
6.804400000000000546e+02	1.177729999999999888e-01	6.025999317061923356e-03
6.807799999999999727e+02	1.186469999999999886e-01	5.952580313159612675e-03
6.811200000000000045e+02	1.193390000000000006e-01	6.003571558792187950e-03
6.814600000000000364e+02	1.196910000000000196e-01	5.974447570213564651e-03
6.817999999999999545e+02	1.193130000000000024e-01	5.947997213025056802e-03
6.821399999999999864e+02	1.209910000000000013e-01	6.086791936391704877e-03
6.824700000000000273e+02	1.224130000000000218e-01	6.046504018534499744e-03
6.828099999999999454e+02	1.237350000000000116e-01	6.039913301721118628e-03
6.831499999999999773e+02	1.252650000000000152e-01	6.091150611274589143e-03
6.834900000000000091e+02	1.255860000000000032e-01	6.071791929139965481e-03
6.838300000000000409e+02	1.245150000000000007e-01	5.924654907184956180e-03
6.841599999999999682e+02	1.273709999999999842e-01	6.063562731596004035e-03
6.845000000000000000e+02	1.273120000000000085e-01	6.001223823905868851e-03
6.848400000000000318e+02	1.276260000000000172e-01	6.033795871206168622e-03
6.851799999999999500e+02	1.283940000000000081e-01	6.045752507721051557e-03
6.855099999999999909e+02	1.294509999999999827e-01	6.037285998755502654e-03
6.858500000000000227e+02	1.306839999999999946e-01	6.116306854504731036e-03
6.861900000000000546e+02	1.312389999999999946e-01	6.032361503399171279e-03
6.865299999999999727e+02	1.316309999999999980e-01	5.939838828427276667e-03
6.868600000000000136e+02	1.331880000000000008e-01	6.064637068220223200e-03
6.872000000000000455e+02	1.335230000000000028e-01	6.103383179087581989e-03
6.875399999999999636e+02	1.350729999999999986e-01	6.015817106722780479e-03
6.878799999999999955e+02	1.352190000000000059e-01	6.002918194191375970e-03
6.882100000000000364e+02	1.358650000000000413e-01	6.054870290168835531e-03
6.885499999999999545e+02	1.372369999999999979e-01	6.112587019987777981e-03
6.888899999999999864e+02	1.368659999999999877e-01	6.157863665515575340e-03
6.892200000000000273e+02	1.360890000000000155e-01	6.213867301942798543e-03
6.895599999999999454e+02	1.384010000000000240e-01	6.305904613931294020e-03
6.898999999999999773e+02	1.398190000000000266e-01	6.247154115152074930e-03
6.902400000000000091e+02	1.403039999999999843e-01	6.170542078169594276e-03
6.905700000000000500e+02	1.414239999999999942e-01	6.137741153025146751e-03
6.909099999999999682e+02	1.419779999999999931e-01	6.185743012394273599e-03
6.912500000000000000e+02	1.435510000000000119e-01	6.287333108352428576e-03
6.915800000000000409e+02	1.443010000000000126e-01	6.200577820469017898e-03
6.919199999999999591e+02	1.446629999999999860e-01	6.172165316346255905e-03
6.922599999999999909e+02	1.450210000000000110e-01	6.132079262120076861e-03
6.925900000000000318e+02	1.467709999999999848e-01	6.130729339219701500e-03
6.929299999999999500e+02	1.473849999999999882e-01	6.168661150088842159e-03
6.932699999999999818e+02	1.482340000000000324e-01	6.236270853149833253e-03
6.936000000000000227e+02	1.476130000000000220e-01	6.147837149387142160e-03
6.939400000000000546e+02	1.489040000000000086e-01	6.041376587908012415e-03
6.942799999999999727e+02	1.497969999999999857e-01	6.004612464277260184e-03
6.946100000000000136e+02	1.507510000000000239e-01	6.071127819441786075e-03
6.949500000000000455e+02	1.520169999999999855e-01	6.008154081041734013e-03
6.952799999999999727e+02	1.516659999999999953e-01	6.054347605074961343e-03
6.956200000000000045e+02	1.522860000000000047e-01	6.124738638065741099e-03
6.959600000000000364e+02	1.537149999999999905e-01	6.176264025095778640e-03
6.962899999999999636e+02	1.534209999999999741e-01	6.174718610841867586e-03
6.966299999999999955e+02	1.545829999999999982e-01	6.266484850744906063e-03
6.969600000000000364e+02	1.558589999999999975e-01	6.263542920989437039e-03
6.972999999999999545e+02	1.562820000000000042e-01	6.208544583568185830e-03
6.976399999999999864e+02	1.566250000000000142e-01	6.279111800246911686e-03
6.979700000000000273e+02	1.576440000000000063e-01	6.199905359079157380e-03
6.983099999999999454e+02	1.592060000000000142e-01	6.158434391454223160e-03
6.986399999999999864e+02	1.603610000000000035e-01	6.180120169356929406e-03
6.989800000000000182e+02	1.614339999999999942e-01	6.154992995059439982e-03
6.993200000000000500e+02	1.610409999999999897e-01	6.176494580884235933e-03
6.996499999999999773e+02	1.626659999999999773e-01	6.107032667343445347e-03
6.999900000000000091e+02	1.627190000000000025e-01	6.095851609591055806e-03
7.003200000000000500e+02	1.631360000000000032e-01	6.015079282040327290e-03
7.006599999999999682e+02	1.653519999999999990e-01	5.943726595844885455e-03
7.009900000000000091e+02	1.657720000000000304e-01	6.096193616953502793e-03
7.013300000000000409e+02	1.654309999999999670e-01	6.092458194042356216e-03
7.016599999999999682e+02	1.652480000000000060e-01	6.004005432273459841e-03
7.020000000000000000e+02	1.669490000000000141e-01	6.084011385464488733e-03
7.023400000000000318e+02	1.674229999999999885e-01	5.941502794877612063e-03
7.026699999999999591e+02	1.682770000000000099e-01	5.952897297179688373e-03
7.030099999999999909e+02	1.680719999999999992e-01	5.977202947610453683e-03
7.033400000000000318e+02	1.682809999999999861e-01	6.016450582809154679e-03
7.036799999999999500e+02	1.678850000000000064e-01	5.876184823243995985e-03
7.040099999999999909e+02	1.689890000000000003e-01	6.006817594648983065e-03
7.043500000000000227e+02	1.709130000000000094e-01	5.995386566095890768e-03
7.046799999999999500e+02	1.724070000000000047e-01	6.113437412781781190e-03
7.050199999999999818e+02	1.732740000000000113e-01	6.136370162337891759e-03
7.053500000000000227e+02	1.734559999999999991e-01	6.088590489911942238e-03
7.056900000000000546e+02	1.741499999999999992e-01	6.123973571766318756e-03
7.060199999999999818e+02	1.751789999999999736e-01	5.873114289841332818e-03
7.063600000000000136e+02	1.755059999999999953e-01	5.880957038808198867e-03
7.066900000000000546e+02	1.755859999999999643e-01	6.038140212910697753e-03
7.070199999999999818e+02	1.783920000000000228e-01	5.995218582016327569e-03
7.073600000000000136e+02	1.798839999999999884e-01	6.096216758714439153e-03
7.076900000000000546e+02	1.799810000000000021e-01	5.947106917847342147e-03
7.080299999999999727e+02	1.802880000000000316e-01	5.961362879796478290e-03
7.083600000000000136e+02	1.817110000000000114e-01	6.010566522639686909e-03
7.087000000000000455e+02	1.807590000000000030e-01	6.023545014230535961e-03
7.090299999999999727e+02	1.827909999999999813e-01	6.092967124859233544e-03
7.093700000000000045e+02	1.820370000000000044e-01	6.123148015145855189e-03
7.097000000000000455e+02	1.822400000000000131e-01	6.077013056782722654e-03
7.100299999999999727e+02	1.854279999999999817e-01	6.094610708840039054e-03
7.103700000000000045e+02	1.840879999999999739e-01	5.884815375183830889e-03
7.107000000000000455e+02	1.859689999999999954e-01	6.074747661742515084e-03
7.110399999999999636e+02	1.863490000000000424e-01	6.038837056917500251e-03
7.113700000000000045e+02	1.869270000000000098e-01	5.960374542955140971e-03
7.117000000000000455e+02	1.882250000000000034e-01	5.866454734662677160e-03
7.120399999999999636e+02	1.882370000000000154e-01	5.813497828330203843e-03
7.123700000000000045e+02	1.881710000000000049e-01	5.903105369210345094e-03
7.127100000000000364e+02	1.880499999999999949e-01	5.856323341220415722e-03
7.130399999999999636e+02	1.896790000000000143e-01	5.970406435076259025e-03
7.133700000000000045e+02	1.912760000000000016e-01	5.938829099824568386e-03
7.137100000000000364e+02	1.911290000000000211e-01	5.926867177393261264e-03
7.140399999999999636e+02	1.913799999999999946e-01	5.868465531321427620e-03
7.143700000000000045e+02	1.921950000000000047e-01	5.802226528868699440e-03
7.147100000000000364e+02	1.939439999999999775e-01	5.839868570702333277e-03
7.150399999999999636e+02	1.935139999999999916e-01	5.958320388008172923e-03
7.153799999999999955e+02	1.944179999999999797e-01	5.751587045195572824e-03
7.157100000000000364e+02	1.950200000000000267e-01	5.731404848591796497e-03
7.160399999999999636e+02	1.977119999999999989e-01	5.783393174891761183e-03
7.163799999999999955e+02	1.988269999999999760e-01	5.801122842240908663e-03
7.167100000000000364e+02	1.984370000000000300e-01	5.814553498301945796e-03
7.170399999999999636e+02	1.983100000000000140e-01	5.779167627049630086e-03
7.173799999999999955e+02	1.995290000000000119e-01	5.693903413030738242e-03
7.177100000000000364e+02	1.993620000000000114e-01	5.797539902672248571e-03
7.180399999999999636e+02	2.009450000000000125e-01	5.705789401328066439e-03
7.183700000000000045e+02	2.017609999999999959e-01	5.682291175221490000e-03
7.187100000000000364e+02	2.026310000000000056e-01	5.658768206543241495e-03
7.190399999999999636e+02	2.042920000000000014e-01	5.783402352355468574e-03
7.193700000000000045e+02	2.043820000000000081e-01	5.809878033937612360e-03
7.197100000000000364e+02	2.040069999999999939e-01	5.669534786233144941e-03
7.200399999999999636e+02	2.049900000000000055e-01	5.787363688376466302e-03
7.203700000000000045e+02	2.049730000000000163e-01	5.723998340321211423e-03
7.207000000000000455e+02	2.066860000000000086e-01	5.609815600973269180e-03
7.210399999999999636e+02	2.087380000000000069e-01	5.846939870235869259e-03
7.213700000000000045e+02	2.077310000000000267e-01	5.705494982909021726e-03
7.217000000000000455e+02	2.084550000000000014e-01	5.767819378640024267e-03
7.220399999999999636e+02	2.094720000000000193e-01	5.773081805973438382e-03
7.223700000000000045e+02	2.107380000000000086e-01	5.744684472824220650e-03
7.227000000000000455e+02	2.093150000000000011e-01	5.471338501683110922e-03
7.230299999999999727e+02	2.099530000000000007e-01	5.554881990022554616e-03
7.233600000000000136e+02	2.105359999999999732e-01	5.627360796897739291e-03
7.237000000000000455e+02	2.127530000000000254e-01	5.810697568344892934e-03
7.240299999999999727e+02	2.107740000000000169e-01	5.584670116281917167e-03
7.243600000000000136e+02	2.105220000000000147e-01	5.514383402311841265e-03
7.246900000000000546e+02	2.122749999999999915e-01	5.570810084718380573e-03
7.250299999999999727e+02	2.128099999999999992e-01	5.665380698729649903e-03
7.253600000000000136e+02	2.160709999999999853e-01	5.618939463306905739e-03
7.256900000000000546e+02	2.158599999999999963e-01	5.554020442609395973e-03
7.260199999999999818e+02	2.160580000000000001e-01	5.532389774354714435e-03
7.263500000000000227e+02	2.163750000000000395e-01	5.553047569370561307e-03
7.266900000000000546e+02	2.196349999999999691e-01	5.674386751006668325e-03
7.270199999999999818e+02	2.178910000000000013e-01	5.606834352960540779e-03
7.273500000000000227e+02	2.194850000000000134e-01	5.669429390634000109e-03
7.276799999999999500e+02	2.192149999999999932e-01	5.629209160195662760e-03
7.280099999999999909e+02	2.217210000000000014e-01	5.624511117216526856e-03
7.283400000000000318e+02	2.213550000000000240e-01	5.522462139021243853e-03
7.286799999999999500e+02	2.208469999999999600e-01	5.557587474656743715e-03
7.290099999999999909e+02	2.215889999999999804e-01	5.275168746845194413e-03
7.293400000000000318e+02	2.214969999999999994e-01	5.165641080178799693e-03
7.296699999999999591e+02	2.237020000000000119e-01	5.198277199818595110e-03
7.300000000000000000e+02	2.233109999999999817e-01	5.450536240379682054e-03
7.303300000000000409e+02	2.235159999999999925e-01	5.506657956161236864e-03
7.306599999999999682e+02	2.252419999999999978e-01	5.241249528059565600e-03
7.310000000000000000e+02	2.270090000000000163e-01	5.314391990695570625e-03
7.313300000000000409e+02	2.255840000000000067e-01	5.482424533838178154e-03
7.316599999999999682e+02	2.250309999999999810e-01	5.380030804887500455e-03
7.319900000000000091e+02	2.262769999999999782e-01	5.339113877789083973e-03
7.323200000000000500e+02	2.266700000000000104e-01	5.322956668272594595e-03
7.326499999999999773e+02	2.270830000000000071e-01	5.295649891111642305e-03
7.329800000000000182e+02	2.282220000000000082e-01	5.396332629309822347e-03
7.333099999999999454e+02	2.287889999999999924e-01	5.337787419751890451e-03
7.336399999999999864e+02	2.287910000000000221e-01	5.221247043792097593e-03
7.339700000000000273e+02	2.288670000000000149e-01	5.368283503060431588e-03
7.343099999999999454e+02	2.280410000000000215e-01	5.483066302437265317e-03
7.346399999999999864e+02	2.285279999999999812e-01	5.335853157938003598e-03
7.349700000000000273e+02	2.306199999999999917e-01	5.273135543634210540e-03
7.352999999999999545e+02	2.311199999999999921e-01	5.328247655366922554e-03
7.356299999999999955e+02	2.331620000000000359e-01	5.237834667111976143e-03
7.359600000000000364e+02	2.346609999999999530e-01	5.171296140159715136e-03
7.362899999999999636e+02	2.354729999999999879e-01	5.019210181508027870e-03
7.366200000000000045e+02	2.373869999999999592e-01	4.971158671623904755e-03
7.369500000000000455e+02	2.369829999999999992e-01	5.078672002373484443e-03
7.372799999999999727e+02	2.371360000000000134e-01	5.104355937673385642e-03
7.376100000000000136e+02	2.368790000000000062e-01	5.163960383867583111e-03
7.379400000000000546e+02	2.390909999999999980e-01	5.105600009943831417e-03
7.382699999999999818e+02	2.379309999999999758e-01	4.876313148586432396e-03
7.386000000000000227e+02	2.370389999999999997e-01	4.964364309758099135e-03
7.389299999999999500e+02	2.375680000000000014e-01	5.115847895736121316e-03
7.392599999999999909e+02	2.383820000000000106e-01	5.222696002876436698e-03
7.395900000000000318e+02	2.377900000000000014e-01	4.961494501892319692e-03
7.399199999999999591e+02	2.401989999999999958e-01	5.041302556040299851e-03
7.402500000000000000e+02	2.417219999999999924e-01	5.415178496951520391e-03
7.405800000000000409e+02	2.429510000000000003e-01	5.272777760127228715e-03
7.409099999999999682e+02	2.426769999999999761e-01	5.285121503588381328e-03
7.412400000000000091e+02	2.412630000000000052e-01	5.130513701975062020e-03
7.415700000000000500e+02	2.422789999999999944e-01	4.899865217926525560e-03
7.418999999999999773e+02	2.417020000000000279e-01	5.023117144378958995e-03
7.422300000000000182e+02	2.436630000000000185e-01	4.751655104357770283e-03
7.425599999999999454e+02	2.449859999999999816e-01	4.864086316288771319e-03
7.428899999999999864e+02	2.426190000000000013e-01	4.768178566932435546e-03
7.432200000000000273e+02	2.438360000000000249e-01	4.851026092884489632e-03
7.435499999999999545e+02	2.448220000000000118e-01	4.905857691811666560e-03
7.438799999999999955e+02	2.429270000000000318e-01	4.867724954305576758e-03
7.442100000000000364e+02	2.438089999999999979e-01	5.108636194644395820e-03
7.445399999999999636e+02	2.457130000000000147e-01	4.855067463684006358e-03
7.448700000000000045e+02	2.478080000000000283e-01	4.878255331255539236e-03
7.451900000000000546e+02	2.501189999999999802e-01	4.829799717140693255e-03
7.455199999999999818e+02	2.499880000000000158e-01	4.611265102567175048e-03
7.458500000000000227e+02	2.489650000000000196e-01	4.816272617188204971e-03
7.461799999999999500e+02	2.490169999999999884e-01	4.828934115548447550e-03
7.465099999999999909e+02	2.496929999999999983e-01	4.870544441214570176e-03
7.468400000000000318e+02	2.504769999999999497e-01	4.825038708493594765e-03
7.471699999999999591e+02	2.524860000000000437e-01	4.859094914139399160e-03
7.475000000000000000e+02	2.534939999999999971e-01	4.756018405864621303e-03
7.478300000000000409e+02	2.553610000000000047e-01	4.783760260586772395e-03
7.481599999999999682e+02	2.546039999999999415e-01	5.075873733047952911e-03
7.484800000000000182e+02	2.531700000000000061e-01	4.932927980574869711e-03
7.488099999999999454e+02	2.537900000000000711e-01	4.877176989264936022e-03
7.491399999999999864e+02	2.521069999999999700e-01	4.767209319120325334e-03
7.494700000000000273e+02	2.547840000000000105e-01	4.823032432625128964e-03
7.497999999999999545e+02	2.525010000000000310e-01	4.745566100623256796e-03
7.501299999999999955e+02	2.506880000000000219e-01	4.641716824292823826e-03
7.504600000000000364e+02	2.521350000000000535e-01	4.813768114641424345e-03
7.507799999999999727e+02	2.547119999999999385e-01	4.750150248635865227e-03
7.511100000000000136e+02	2.574560000000000182e-01	4.947145906013346826e-03
7.514400000000000546e+02	2.569929999999999715e-01	4.906692925131799117e-03
7.517699999999999818e+02	2.562069999999999625e-01	4.756428209033783383e-03
7.521000000000000227e+02	2.563640000000000363e-01	4.522289957702675493e-03
7.524199999999999591e+02	2.589750000000000663e-01	4.612336843059727798e-03
7.527500000000000000e+02	2.583739999999999926e-01	4.814570705361285660e-03
7.530800000000000409e+02	2.587510000000000088e-01	4.883786905513133429e-03
7.534099999999999682e+02	2.587399999999999700e-01	4.856025598715951741e-03
7.537400000000000091e+02	2.608840000000000048e-01	4.936968269323562496e-03
7.540599999999999454e+02	2.633960000000000190e-01	4.581463521627123468e-03
7.543899999999999864e+02	2.628640000000000421e-01	4.524820982434211818e-03
7.547200000000000273e+02	2.627769999999999828e-01	4.700720083954405305e-03
7.550499999999999545e+02	2.615010000000000390e-01	4.666169644777842622e-03
7.553799999999999955e+02	2.667189999999999839e-01	4.696162009064915738e-03
7.557000000000000455e+02	2.661930000000000129e-01	4.561554568008922665e-03
7.560299999999999727e+02	2.676640000000000130e-01	4.441287270081121022e-03
7.563600000000000136e+02	2.658159999999999967e-01	4.623388733885070746e-03
7.566900000000000546e+02	2.644140000000000379e-01	4.688142850278285458e-03
7.570099999999999909e+02	2.637709999999999777e-01	4.655514257308209815e-03
7.573400000000000318e+02	2.658010000000000095e-01	4.656705743829575757e-03
7.576699999999999591e+02	2.693089999999999651e-01	4.483016232232660443e-03
7.580000000000000000e+02	2.715150000000000063e-01	4.721841435124811241e-03
7.583200000000000500e+02	2.716540000000000066e-01	4.660041795784833178e-03
7.586499999999999773e+02	2.725530000000000452e-01	4.610846585039374626e-03
7.589800000000000182e+02	2.716139999999999111e-01	4.764076664112201764e-03
7.592999999999999545e+02	2.703990000000000005e-01	4.761823576029541871e-03
7.596299999999999955e+02	2.724719999999999920e-01	4.610895257639569672e-03
7.599600000000000364e+02	2.727749999999999342e-01	4.511352901292473537e-03
7.602899999999999636e+02	2.715450000000000363e-01	4.559294353296351569e-03
7.606100000000000136e+02	2.697079999999999478e-01	4.215464350733820822e-03
7.609400000000000546e+02	2.704180000000000472e-01	4.183936644615193767e-03
7.612699999999999818e+02	2.732180000000000164e-01	4.419267220844512976e-03
7.615900000000000318e+02	2.737960000000000393e-01	4.744129846452347157e-03
7.619199999999999591e+02	2.718599999999999905e-01	4.469894164983534077e-03
7.622500000000000000e+02	2.720460000000000100e-01	4.295974896073337206e-03
7.625700000000000500e+02	2.708200000000000607e-01	4.486492205241450482e-03
7.628999999999999773e+02	2.702760000000000162e-01	4.329678119142876987e-03
7.632300000000000182e+02	2.729089999999999572e-01	4.896149264001723074e-03
7.635499999999999545e+02	2.750230000000000175e-01	4.584525988415980892e-03
7.638799999999999955e+02	2.743799999999999573e-01	4.553688952588117941e-03
7.642100000000000364e+02	2.739620000000000388e-01	4.393747620636186471e-03
7.645299999999999727e+02	2.710660000000000847e-01	4.366045420673567851e-03
7.648600000000000136e+02	2.696660000000000168e-01	4.358604434378581145e-03
7.651799999999999500e+02	2.734409999999999896e-01	4.438454244094791785e-03
7.655099999999999909e+02	2.754610000000000669e-01	4.564563244756784932e-03
7.658400000000000318e+02	2.767249999999999988e-01	4.412905766917336881e-03
7.661599999999999682e+02	2.772589999999999777e-01	4.301366589638870759e-03
7.664900000000000091e+02	2.776139999999999719e-01	4.263097501546532150e-03
7.668099999999999454e+02	2.780009999999999981e-01	4.327027661642042153e-03
7.671399999999999864e+02	2.784599999999999853e-01	4.478338977790763398e-03
7.674700000000000273e+02	2.779810000000000336e-01	4.446359176121167552e-03
7.677899999999999636e+02	2.773299999999999654e-01	4.510151285199270020e-03
7.681200000000000045e+02	2.751839999999999842e-01	4.490078841178627399e-03
7.684400000000000546e+02	2.779099999999999904e-01	4.560618041787419669e-03
7.687699999999999818e+02	2.802229999999999999e-01	3.811366613373538218e-03
7.690900000000000318e+02	2.820259999999999989e-01	4.300806579092950575e-03
7.694199999999999591e+02	2.834349999999999925e-01	4.307745841013513148e-03
7.697500000000000000e+02	2.800409999999999844e-01	4.298677873665167869e-03
7.700700000000000500e+02	2.831799999999999873e-01	4.141467595690426044e-03
7.703999999999999773e+02	2.832939999999999903e-01	4.071092501263773658e-03
7.707200000000000273e+02	2.836110000000000020e-01	4.251212035317784160e-03
7.710499999999999545e+02	2.836089999999999445e-01	4.425614159900035510e-03
7.713700000000000045e+02	2.836580000000000212e-01	4.337557057926640612e-03
7.717000000000000455e+02	2.807929999999999593e-01	4.064110471318038535e-03
7.720199999999999818e+02	2.803300000000000236e-01	4.051323240621513069e-03
7.723500000000000227e+02	2.812040000000000095e-01	3.954597169021235176e-03
7.726699999999999591e+02	2.859590000000000187e-01	4.092380245886622324e-03
7.730000000000000000e+02	2.867300000000000404e-01	4.146215883651758506e-03
7.733200000000000500e+02	2.829439999999999733e-01	4.131116854016413792e-03
7.736499999999999773e+02	2.840889999999999804e-01	3.864369477875848145e-03
7.739700000000000273e+02	2.809830000000000383e-01	3.773813017666307213e-03
7.742999999999999545e+02	2.851949999999999763e-01	4.102436471171732810e-03
7.746200000000000045e+02	2.847290000000000099e-01	4.164750329574667086e-03
7.749500000000000455e+02	2.860910000000000397e-01	4.382460224050484243e-03
7.752699999999999818e+02	2.853729999999999878e-01	3.859822445099299597e-03
7.756000000000000227e+02	2.858820000000000805e-01	3.869471599784452334e-03
7.759199999999999591e+02	2.857910000000000172e-01	3.932727855396985460e-03
7.762500000000000000e+02	2.854219999999999535e-01	3.710218073623997460e-03
7.765700000000000500e+02	2.860299999999999510e-01	4.218652172654929235e-03
7.768999999999999773e+02	2.896349999999999758e-01	3.773581292251536150e-03
7.772200000000000273e+02	2.898800000000000265e-01	3.934079307792357622e-03
7.775399999999999636e+02	2.874109999999999721e-01	4.380998033465751534e-03
7.778700000000000045e+02	2.875289999999999790e-01	3.772000377273817401e-03
7.781900000000000546e+02	2.855880000000000085e-01	3.677584031357041764e-03
7.785199999999999818e+02	2.885300000000000087e-01	3.940286986814737005e-03
7.788400000000000318e+02	2.894940000000000291e-01	3.890685563476718040e-03
7.791699999999999591e+02	2.897319999999999895e-01	4.136426514238142858e-03
7.794900000000000091e+02	2.893579999999999486e-01	4.044039830892637820e-03
7.798099999999999454e+02	2.875320000000000098e-01	3.772091808981405722e-03
7.801399999999999864e+02	2.896059999999999746e-01	3.886020151180978339e-03
7.804600000000000364e+02	2.879379999999999717e-01	4.074916856159814527e-03
7.807899999999999636e+02	2.897399999999999975e-01	3.988604344301979049e-03
7.811100000000000136e+02	2.885980000000000212e-01	3.973173852418047589e-03
7.814299999999999500e+02	2.873610000000000331e-01	4.271717624274627180e-03
7.817599999999999909e+02	2.853229999999999933e-01	4.042592094950200714e-03
7.820800000000000409e+02	2.905619999999999870e-01	3.702467327025631052e-03
7.823999999999999773e+02	2.917269999999999586e-01	3.927191999380728361e-03
7.827300000000000182e+02	2.864639999999999964e-01	4.201615476859421432e-03
7.830499999999999545e+02	2.913919999999999844e-01	3.950662028260385102e-03
7.833700000000000045e+02	2.881779999999999897e-01	3.861612018913268465e-03
7.837000000000000455e+02	2.903799999999999715e-01	4.079652888703610286e-03
7.840199999999999818e+02	2.900350000000000428e-01	3.965873703330607264e-03
7.843400000000000318e+02	2.883330000000000060e-01	3.911375333562351272e-03
7.846699999999999591e+02	2.880820000000000047e-01	3.472784916594041579e-03
7.849900000000000091e+02	2.916620000000000323e-01	4.047357314442258380e-03
7.853099999999999454e+02	2.942369999999999708e-01	3.892058986429439323e-03
7.856399999999999864e+02	2.890000000000000346e-01	3.666420178195200878e-03
7.859600000000000364e+02	2.929519999999999902e-01	3.614317852439315453e-03
7.862799999999999727e+02	2.915319999999999578e-01	3.935000498484964374e-03
7.866100000000000136e+02	2.911009999999999986e-01	4.274482865707939817e-03
7.869299999999999500e+02	2.895810000000000328e-01	4.046286322048900201e-03
7.872500000000000000e+02	2.945490000000000053e-01	3.638453697340710610e-03
7.875800000000000409e+02	2.930989999999999984e-01	3.896475814018453710e-03
7.878999999999999773e+02	2.918919999999999848e-01	4.015278474871853374e-03
7.882200000000000273e+02	2.928290000000000060e-01	3.623796659688460417e-03
7.885399999999999636e+02	2.950150000000000272e-01	3.676673925417667070e-03
7.888700000000000045e+02	2.922600000000000198e-01	3.462773232762790965e-03
7.891900000000000546e+02	2.963819999999999788e-01	3.925588794641560707e-03
7.895099999999999909e+02	2.944129999999999803e-01	3.657168524334722046e-03
7.898300000000000409e+02	2.970570000000000155e-01	3.328165133199696181e-03
7.901599999999999682e+02	2.971130000000000715e-01	3.551753207382774523e-03
7.904800000000000182e+02	2.988140000000000240e-01	3.558425797153312153e-03
7.907999999999999545e+02	2.967849999999999655e-01	3.614671652286849824e-03
7.911200000000000045e+02	2.957549999999999901e-01	3.433802388920170062e-03
7.914500000000000455e+02	2.936180000000000456e-01	3.807624900724252467e-03
7.917699999999999818e+02	2.961140000000000438e-01	3.289162671094740097e-03
7.920900000000000318e+02	2.962189999999999546e-01	3.498211510076366763e-03
7.924099999999999682e+02	2.952259999999999884e-01	3.833772233513817705e-03
7.927300000000000182e+02	2.964080000000000048e-01	3.654609481399959028e-03
7.930599999999999454e+02	2.951450000000000462e-01	3.480738924644946261e-03
7.933799999999999955e+02	2.954420000000000379e-01	3.922374437858939383e-03
7.937000000000000455e+02	2.947070000000000523e-01	3.494521877717489400e-03
7.940199999999999818e+02	2.895820000000000061e-01	3.787587175945210036e-03
7.943400000000000318e+02	2.921359999999999513e-01	4.007728533720817873e-03
7.946699999999999591e+02	2.878710000000000435e-01	4.122988731117644898e-03
7.949900000000000091e+02	2.926320000000000032e-01	3.262589533106863976e-03
7.953099999999999454e+02	2.947269999999999612e-01	3.800911034516290133e-03
7.956299999999999955e+02	2.969529999999999670e-01	3.236405900662979018e-03
7.959500000000000455e+02	2.938640000000000141e-01	3.482077231503321376e-03
7.962699999999999818e+02	2.964170000000000416e-01	4.118248330017546845e-03
7.965900000000000318e+02	2.948379999999999890e-01	4.515162796281333053e-03
7.969199999999999591e+02	2.924209999999999865e-01	4.112043184822619137e-03
7.972400000000000091e+02	2.954790000000000472e-01	3.427793066638111855e-03
7.975599999999999454e+02	2.941270000000000273e-01	3.608861966369409507e-03
7.978799999999999955e+02	2.966070000000000095e-01	3.605837798732666136e-03
7.982000000000000455e+02	2.971270000000000300e-01	3.611664659874256472e-03
7.985199999999999818e+02	2.978049999999999864e-01	3.730798068881409271e-03
7.988400000000000318e+02	2.973480000000000012e-01	3.487854928175767883e-03
7.991599999999999682e+02	3.016370000000000440e-01	3.520245850243110698e-03
7.994900000000000091e+02	3.010909999999999975e-01	3.823933828281673563e-03
