landa_plot	R_plot	R_ste_plot
4.199900000000000091e+02	2.871739999999999848e-01	1.731346895082297097e-02
4.203600000000000136e+02	2.846489999999999854e-01	1.577180497315102195e-02
4.207300000000000182e+02	2.621080000000000076e-01	1.900101668624895254e-02
4.211000000000000227e+02	2.891219999999999901e-01	1.775595229149306425e-02
4.214599999999999795e+02	2.825159999999999894e-01	1.799884090095186032e-02
4.218299999999999841e+02	2.787490000000000245e-01	1.911170115400509864e-02
4.221999999999999886e+02	2.772219999999999684e-01	1.964885220283589182e-02
4.225699999999999932e+02	2.978939999999999921e-01	1.667191358742800902e-02
4.229399999999999977e+02	2.874900000000000233e-01	1.767294875728942297e-02
4.233100000000000023e+02	3.038750000000000062e-01	1.478705291425201108e-02
4.236700000000000159e+02	2.926969999999999850e-01	2.025023599588135492e-02
4.240400000000000205e+02	2.876239999999999908e-01	1.870170896528502644e-02
4.244100000000000250e+02	2.743909999999999960e-01	1.910329607685542705e-02
4.247799999999999727e+02	2.821080000000000254e-01	1.710159861273533727e-02
4.251399999999999864e+02	2.951030000000000042e-01	1.754213822327382530e-02
4.255099999999999909e+02	2.963929999999999620e-01	1.831240848592984374e-02
4.258799999999999955e+02	2.941320000000000046e-01	1.828490535933943728e-02
4.262500000000000000e+02	2.818110000000000337e-01	1.965037740378314246e-02
4.266200000000000045e+02	2.908140000000000169e-01	1.917779550533492763e-02
4.269800000000000182e+02	2.992519999999999625e-01	1.695759585947646808e-02
4.273500000000000227e+02	2.974740000000000162e-01	1.785303710234697680e-02
4.277200000000000273e+02	2.866139999999999244e-01	1.587863387630616616e-02
4.280899999999999750e+02	3.029559999999999476e-01	1.436051169004781518e-02
4.284499999999999886e+02	2.979060000000000041e-01	1.678698531601192576e-02
4.288199999999999932e+02	2.909539999999999904e-01	1.859350246128409559e-02
4.291899999999999977e+02	3.037950000000000372e-01	1.733695893171579780e-02
4.295600000000000023e+02	2.938500000000000001e-01	1.885249839028120891e-02
4.299200000000000159e+02	2.879920000000000258e-01	2.019592075422933439e-02
4.302900000000000205e+02	2.959720000000000129e-01	1.667105607532608225e-02
4.306600000000000250e+02	3.038649999999999407e-01	1.691731474949063549e-02
4.310199999999999818e+02	3.058960000000000012e-01	1.686844629610102786e-02
4.313899999999999864e+02	2.935499999999999776e-01	1.843960321337383135e-02
4.317599999999999909e+02	3.048799999999999844e-01	1.814275380298028748e-02
4.321299999999999955e+02	3.019999999999999907e-01	1.792477137619581315e-02
4.324900000000000091e+02	2.892730000000000024e-01	1.938296847177381488e-02
4.328600000000000136e+02	3.007679999999999798e-01	1.697528293333182628e-02
4.332300000000000182e+02	2.890840000000000076e-01	1.914986041144367546e-02
4.335899999999999750e+02	3.015390000000000015e-01	1.671348121527449493e-02
4.339599999999999795e+02	3.051230000000000331e-01	1.638100492440354786e-02
4.343299999999999841e+02	2.951560000000000850e-01	1.831709348607954771e-02
4.346999999999999886e+02	2.940490000000000048e-01	1.877175824654330957e-02
4.350600000000000023e+02	2.982760000000000966e-01	1.638041820114628441e-02
4.354300000000000068e+02	2.977599999999999691e-01	1.775885444253404513e-02
4.358000000000000114e+02	2.930530000000000079e-01	1.882210379373735684e-02
4.361600000000000250e+02	3.026630000000000154e-01	1.581431637262051618e-02
4.365299999999999727e+02	3.055610000000000270e-01	1.714451408533418375e-02
4.368999999999999773e+02	2.980480000000000351e-01	1.662398119184049783e-02
4.372599999999999909e+02	2.966650000000000120e-01	1.793083125358231611e-02
4.376299999999999955e+02	2.967890000000000250e-01	1.750225239155742823e-02
4.380000000000000000e+02	3.007179999999999853e-01	1.731622660974381500e-02
4.383600000000000136e+02	2.977029999999999954e-01	1.703849941553930297e-02
4.387300000000000182e+02	2.997189999999999577e-01	1.688148364003853874e-02
4.391000000000000227e+02	3.000559999999999894e-01	1.861749715843792966e-02
4.394599999999999795e+02	2.967739999999999823e-01	1.831513758858744831e-02
4.398299999999999841e+02	2.992710000000000647e-01	1.697169443842043088e-02
4.401899999999999977e+02	2.994490000000000207e-01	1.739842422302791125e-02
4.405600000000000023e+02	2.969620000000000037e-01	1.775459638766505033e-02
4.409300000000000068e+02	3.009709999999999885e-01	1.764375290451426076e-02
4.412900000000000205e+02	3.008859999999999868e-01	1.767781134014552447e-02
4.416600000000000250e+02	3.101539999999999853e-01	1.757385097871898630e-02
4.420299999999999727e+02	2.955189999999999761e-01	1.857988305488851577e-02
4.423899999999999864e+02	3.036220000000000030e-01	1.751557673741988355e-02
4.427599999999999909e+02	3.007130000000000636e-01	1.735777578237232555e-02
4.431200000000000045e+02	3.052920000000000633e-01	1.713366924443733563e-02
4.434900000000000091e+02	3.079169999999999963e-01	1.682439168786398556e-02
4.438600000000000136e+02	2.964769999999999905e-01	1.915393241028530077e-02
4.442200000000000273e+02	2.985680000000000001e-01	1.713190206732587498e-02
4.445899999999999750e+02	3.032569999999999988e-01	1.803536889620565090e-02
4.449499999999999886e+02	3.016820000000000057e-01	1.706525819708958405e-02
4.453199999999999932e+02	3.064629999999999854e-01	1.771611432503690173e-02
4.456800000000000068e+02	3.019610000000000349e-01	1.844779917316245396e-02
4.460500000000000114e+02	3.020170000000000354e-01	1.662246879979024233e-02
4.464200000000000159e+02	2.978799999999999781e-01	1.752259144964325374e-02
4.467799999999999727e+02	2.970490000000000075e-01	1.751312044344658508e-02
4.471499999999999773e+02	2.920659999999999923e-01	1.844203436596828991e-02
4.475099999999999909e+02	3.005160000000000053e-01	1.755308223646206284e-02
4.478799999999999955e+02	2.954390000000000072e-01	1.840211282857366973e-02
4.482400000000000091e+02	3.052420000000000133e-01	1.653290300515241132e-02
4.486100000000000136e+02	2.987480000000000135e-01	1.755600218981784311e-02
4.489700000000000273e+02	2.957889999999999686e-01	1.781501092711798920e-02
4.493399999999999750e+02	3.011949999999999905e-01	1.773316862392180018e-02
4.497099999999999795e+02	2.987680000000000335e-01	1.765248567954854839e-02
4.500699999999999932e+02	3.000099999999999989e-01	1.743614840241706349e-02
4.504399999999999977e+02	2.968619999999999592e-01	1.886337708659589427e-02
4.508000000000000114e+02	2.992920000000000025e-01	1.854291429809960118e-02
4.511700000000000159e+02	2.976290000000000324e-01	1.773355541527605467e-02
4.515299999999999727e+02	2.998379999999999379e-01	1.761969105543252298e-02
4.518999999999999773e+02	3.032270000000000243e-01	1.756761446209726199e-02
4.522599999999999909e+02	3.007589999999999986e-01	1.792320497443343486e-02
4.526299999999999955e+02	2.988030000000000408e-01	1.848299464973742270e-02
4.529900000000000091e+02	2.985440000000000316e-01	1.787546389141645223e-02
4.533600000000000136e+02	2.996610000000000107e-01	1.735747513961124339e-02
4.537200000000000273e+02	3.015889999999999960e-01	1.711167875717893930e-02
4.540899999999999750e+02	2.984689999999999843e-01	1.812405874644099427e-02
4.544499999999999886e+02	3.003609999999999891e-01	1.704924804141748004e-02
4.548199999999999932e+02	3.026729999999999698e-01	1.635252858802645204e-02
4.551800000000000068e+02	3.029249999999999998e-01	1.711591814332169906e-02
4.555500000000000114e+02	2.949229999999999907e-01	1.740413852762867641e-02
4.559100000000000250e+02	2.979759999999999631e-01	1.701488722005264909e-02
4.562799999999999727e+02	2.979570000000000274e-01	1.751985971848963111e-02
4.566399999999999864e+02	3.012970000000000370e-01	1.715554908930505898e-02
4.570099999999999909e+02	2.991769999999999707e-01	1.675252611465572958e-02
4.573700000000000045e+02	3.012489999999999890e-01	1.710117334830825800e-02
4.577300000000000182e+02	3.007749999999999591e-01	1.765328941648616062e-02
4.581000000000000227e+02	2.974519999999999942e-01	1.729633164704135959e-02
4.584599999999999795e+02	2.982460000000000111e-01	1.688721147956510557e-02
4.588299999999999841e+02	2.976349999999999829e-01	1.677386116352860834e-02
4.591899999999999977e+02	2.948979999999999935e-01	1.754168804749290517e-02
4.595600000000000023e+02	2.974009999999999709e-01	1.770360807230485917e-02
4.599200000000000159e+02	2.984080000000000621e-01	1.727009630031698176e-02
4.602900000000000205e+02	2.995269999999999877e-01	1.676253514703416117e-02
4.606499999999999773e+02	2.959990000000000121e-01	1.764931666602924734e-02
4.610099999999999909e+02	2.989919999999999800e-01	1.700982094098713385e-02
4.613799999999999955e+02	2.941520000000000246e-01	1.806504585595558252e-02
4.617400000000000091e+02	2.968880000000000408e-01	1.757858790941095248e-02
4.621100000000000136e+02	2.981139999999999901e-01	1.746069320247942147e-02
4.624700000000000273e+02	2.991499999999999715e-01	1.735369060971693814e-02
4.628299999999999841e+02	2.989559999999999995e-01	1.679993096546663137e-02
4.631999999999999886e+02	2.969590000000000285e-01	1.723889571418206132e-02
4.635600000000000023e+02	2.963830000000000076e-01	1.698189539545636589e-02
4.639300000000000068e+02	2.983290000000000108e-01	1.725057560714359298e-02
4.642900000000000205e+02	2.981659999999999866e-01	1.694713192385202336e-02
4.646499999999999773e+02	2.986790000000000278e-01	1.652311595916460679e-02
4.650199999999999818e+02	2.947950000000000292e-01	1.726249365596472032e-02
4.653799999999999955e+02	2.970590000000000175e-01	1.777781866696686794e-02
4.657500000000000000e+02	2.948990000000000222e-01	1.815522559913689341e-02
4.661100000000000136e+02	2.994990000000000707e-01	1.669554288159301111e-02
4.664700000000000273e+02	2.988769999999999483e-01	1.699241537013237643e-02
4.668399999999999750e+02	2.976810000000000289e-01	1.767951215076052351e-02
4.671999999999999886e+02	3.004290000000000016e-01	1.698934525257260464e-02
4.675600000000000023e+02	3.001550000000000606e-01	1.725506342755334446e-02
4.679300000000000068e+02	2.957480000000000109e-01	1.748563034163894483e-02
4.682900000000000205e+02	2.950549999999999562e-01	1.708988077781703127e-02
4.686499999999999773e+02	2.981509999999999994e-01	1.713987387805276583e-02
4.690199999999999818e+02	2.957329999999999681e-01	1.675980091700906421e-02
4.693799999999999955e+02	2.954620000000000024e-01	1.641297750765128086e-02
4.697400000000000091e+02	2.970520000000000382e-01	1.692588811390541639e-02
4.701100000000000136e+02	2.980129999999999724e-01	1.693923348980768198e-02
4.704700000000000273e+02	2.963350000000000151e-01	1.703254076760129035e-02
4.708299999999999841e+02	2.971759999999999957e-01	1.708169710538154015e-02
4.711999999999999886e+02	2.983439999999999981e-01	1.721806184730957992e-02
4.715600000000000023e+02	2.981870000000000354e-01	1.633953148043113326e-02
4.719200000000000159e+02	2.976970000000000449e-01	1.634161593056886880e-02
4.722900000000000205e+02	2.949460000000000415e-01	1.650825787968622158e-02
4.726499999999999773e+02	2.948350000000000692e-01	1.636598948021984398e-02
4.730099999999999909e+02	2.958109999999999906e-01	1.685601820979346424e-02
4.733700000000000045e+02	2.960919999999999663e-01	1.680873541412982938e-02
4.737400000000000091e+02	2.955650000000000222e-01	1.656835600038686698e-02
4.741000000000000227e+02	2.973270000000000080e-01	1.644990017193619786e-02
4.744599999999999795e+02	2.963569999999999816e-01	1.697929399461460889e-02
4.748299999999999841e+02	2.966400000000000148e-01	1.722448405935896043e-02
4.751899999999999977e+02	2.966870000000000340e-01	1.660855007719417784e-02
4.755500000000000114e+02	2.965309999999999890e-01	1.616135111582224504e-02
4.759100000000000250e+02	2.940129999999999688e-01	1.612372655092144183e-02
4.762799999999999727e+02	2.953089999999999882e-01	1.624679198761678350e-02
4.766399999999999864e+02	2.974269999999999969e-01	1.615457947112486359e-02
4.770000000000000000e+02	2.958039999999999559e-01	1.626885840425743371e-02
4.773600000000000136e+02	2.982150000000000079e-01	1.653212759380285474e-02
4.777300000000000182e+02	2.955519999999999814e-01	1.615800598258749707e-02
4.780899999999999750e+02	2.958720000000000239e-01	1.661436826631963390e-02
4.784499999999999886e+02	2.963300000000000378e-01	1.603400726234364970e-02
4.788100000000000023e+02	2.956650000000000111e-01	1.632147727859079370e-02
4.791800000000000068e+02	2.941330000000000333e-01	1.646698717974170653e-02
4.795400000000000205e+02	2.952930000000000277e-01	1.695656058219878817e-02
4.798999999999999773e+02	2.933949999999999614e-01	1.647998639764810744e-02
4.802599999999999909e+02	2.951480000000000214e-01	1.616736471345215156e-02
4.806299999999999955e+02	2.964930000000000065e-01	1.644304378757169630e-02
4.809900000000000091e+02	2.927469999999999795e-01	1.633901010533447481e-02
4.813500000000000227e+02	2.954459999999999864e-01	1.597634579273022812e-02
4.817099999999999795e+02	2.949300000000000255e-01	1.624066822653687583e-02
4.820699999999999932e+02	2.938469999999999693e-01	1.608946266971026176e-02
4.824399999999999977e+02	2.953529999999999767e-01	1.575694535047253084e-02
4.828000000000000114e+02	2.927570000000000450e-01	1.599896469219875064e-02
4.831600000000000250e+02	2.930359999999999632e-01	1.583855830981258442e-02
4.835199999999999818e+02	2.934839999999999671e-01	1.615669164429676605e-02
4.838799999999999955e+02	2.953939999999999899e-01	1.620976600009320714e-02
4.842400000000000091e+02	2.942460000000000075e-01	1.617174705054054071e-02
4.846100000000000136e+02	2.963150000000000506e-01	1.618771030751415055e-02
4.849700000000000273e+02	2.944029999999999703e-01	1.585061618500821848e-02
4.853299999999999841e+02	2.961459999999999648e-01	1.575676554513788866e-02
4.856899999999999977e+02	2.965800000000000103e-01	1.600012076343314618e-02
4.860500000000000114e+02	2.953589999999999827e-01	1.593839901690951438e-02
4.864100000000000250e+02	2.950270000000000392e-01	1.573212523963483933e-02
4.867799999999999727e+02	2.938370000000000148e-01	1.591162908413563948e-02
4.871399999999999864e+02	2.926690000000000125e-01	1.567066682620039952e-02
4.875000000000000000e+02	2.938260000000000316e-01	1.628797021662852298e-02
4.878600000000000136e+02	2.941360000000000641e-01	1.608933202121482983e-02
4.882200000000000273e+02	2.943729999999999958e-01	1.618459775698968470e-02
4.885799999999999841e+02	2.929579999999999962e-01	1.671588039360575456e-02
4.889399999999999977e+02	2.928710000000000480e-01	1.646425761392774148e-02
4.893100000000000023e+02	2.943540000000000045e-01	1.652039938984527570e-02
4.896700000000000159e+02	2.931970000000000409e-01	1.643839496422932339e-02
4.900299999999999727e+02	2.940829999999999833e-01	1.631043074913174004e-02
4.903899999999999864e+02	2.944490000000000163e-01	1.612229439489167374e-02
4.907500000000000000e+02	2.920229999999999770e-01	1.619165066391386673e-02
4.911100000000000136e+02	2.929100000000000037e-01	1.617411587829283709e-02
4.914700000000000273e+02	2.914530000000000176e-01	1.637288415846965828e-02
4.918299999999999841e+02	2.905119999999999925e-01	1.610304379785249332e-02
4.921899999999999977e+02	2.909229999999999317e-01	1.623088681427413069e-02
4.925600000000000023e+02	2.932879999999999932e-01	1.601605991219785460e-02
4.929200000000000159e+02	2.930369999999999919e-01	1.615522819055456236e-02
4.932799999999999727e+02	2.921509999999999385e-01	1.606627187965867579e-02
4.936399999999999864e+02	2.915269999999999806e-01	1.607944996640812627e-02
4.940000000000000000e+02	2.928069999999999840e-01	1.605453968681617646e-02
4.943600000000000136e+02	2.912889999999999646e-01	1.586419668800017127e-02
4.947200000000000273e+02	2.906790000000000207e-01	1.563439644217553756e-02
4.950799999999999841e+02	2.919899999999999718e-01	1.553953531408767096e-02
4.954399999999999977e+02	2.920319999999999583e-01	1.578546946473946902e-02
4.958000000000000114e+02	2.920820000000000083e-01	1.599400983701919007e-02
4.961600000000000250e+02	2.921420000000000128e-01	1.613505671236116837e-02
4.965199999999999818e+02	2.916030000000000011e-01	1.583327881043243915e-02
4.968799999999999955e+02	2.912720000000000309e-01	1.549909200207834521e-02
4.972400000000000091e+02	2.933740000000000236e-01	1.554236791626181086e-02
4.976000000000000227e+02	2.922550000000000425e-01	1.601717510465978933e-02
4.979599999999999795e+02	2.905889999999999862e-01	1.606818391521995862e-02
4.983199999999999932e+02	2.906490000000000462e-01	1.598510128908234643e-02
4.986800000000000068e+02	2.892770000000000619e-01	1.566606048827280315e-02
4.990400000000000205e+02	2.899960000000000315e-01	1.604726063157752361e-02
4.994100000000000250e+02	2.905099999999999905e-01	1.641567225414651207e-02
4.997699999999999818e+02	2.897229999999999528e-01	1.622524062824476018e-02
5.001299999999999955e+02	2.916009999999999991e-01	1.577409292690602066e-02
5.004900000000000091e+02	2.902699999999999725e-01	1.581999360865160922e-02
5.008500000000000227e+02	2.898470000000000768e-01	1.542935903111698065e-02
5.012099999999999795e+02	2.907509999999999262e-01	1.553157661382485559e-02
5.015699999999999932e+02	2.911109999999999531e-01	1.551090773545435453e-02
5.019300000000000068e+02	2.908660000000000134e-01	1.565155066510095713e-02
5.022799999999999727e+02	2.906579999999999719e-01	1.572038512392251799e-02
5.026399999999999864e+02	2.887589999999999879e-01	1.544203278572985234e-02
5.030000000000000000e+02	2.881030000000000535e-01	1.565865923379137700e-02
5.033600000000000136e+02	2.882870000000000710e-01	1.560756697175372763e-02
5.037200000000000273e+02	2.876009999999999955e-01	1.565715004931186871e-02
5.040799999999999841e+02	2.881179999999999852e-01	1.580281155012895275e-02
5.044399999999999977e+02	2.873689999999999856e-01	1.576891777093998234e-02
5.048000000000000114e+02	2.891029999999999989e-01	1.562222441480939396e-02
5.051600000000000250e+02	2.886529999999999929e-01	1.612397449279936307e-02
5.055199999999999818e+02	2.910169999999999702e-01	1.595113643112754456e-02
5.058799999999999955e+02	2.902959999999999985e-01	1.624438290610018612e-02
5.062400000000000091e+02	2.898260000000000280e-01	1.605169912778359534e-02
5.066000000000000227e+02	2.886090000000000044e-01	1.608154701306231324e-02
5.069599999999999795e+02	2.869049999999999656e-01	1.610426032314292086e-02
5.073199999999999932e+02	2.868990000000000151e-01	1.595694104979606190e-02
5.076800000000000068e+02	2.872179999999999733e-01	1.569871387513427363e-02
5.080400000000000205e+02	2.877260000000000373e-01	1.606545633062164344e-02
5.083999999999999773e+02	2.878720000000000168e-01	1.612531273081755506e-02
5.087599999999999909e+02	2.874959999999999738e-01	1.634376647736582311e-02
5.091100000000000136e+02	2.894950000000000023e-01	1.593387309057865686e-02
5.094700000000000273e+02	2.885630000000000139e-01	1.630329885159578773e-02
5.098299999999999841e+02	2.892139999999999711e-01	1.634222222071133115e-02
5.101899999999999977e+02	2.946010000000000018e-01	1.406181586582772904e-02
5.105500000000000114e+02	2.890970000000000484e-01	1.616975585949136790e-02
5.109100000000000250e+02	2.873829999999999996e-01	1.611202884321041862e-02
5.112699999999999818e+02	2.883319999999999772e-01	1.595933142570689009e-02
5.116299999999999955e+02	2.884980000000000322e-01	1.611060587866817995e-02
5.119900000000000091e+02	2.892480000000000051e-01	1.619336872508825992e-02
5.123500000000000227e+02	2.892349999999999643e-01	1.549435060128547675e-02
5.127000000000000455e+02	2.885069999999999579e-01	1.552635623347889404e-02
5.130599999999999454e+02	2.879690000000000305e-01	1.573093734934091423e-02
5.134199999999999591e+02	2.881179999999999852e-01	1.611905441119643526e-02
5.137799999999999727e+02	2.886730000000000129e-01	1.579163119081327532e-02
5.141399999999999864e+02	2.880289999999999795e-01	1.593196545383595078e-02
5.145000000000000000e+02	2.866289999999999116e-01	1.577946566128129655e-02
5.148600000000000136e+02	2.895249999999999768e-01	1.562497937776416955e-02
5.152100000000000364e+02	2.875289999999999790e-01	1.572421334898647591e-02
5.155700000000000500e+02	2.877849999999999575e-01	1.608747962098337758e-02
5.159299999999999500e+02	2.851090000000000013e-01	1.582828371758746716e-02
5.162899999999999636e+02	2.865940000000000154e-01	1.617066639182057619e-02
5.166499999999999773e+02	2.867730000000000001e-01	1.634482670789480160e-02
5.170099999999999909e+02	2.880510000000000015e-01	1.639848187079117128e-02
5.173600000000000136e+02	2.869560000000000444e-01	1.609058490753728643e-02
5.177200000000000273e+02	2.869670000000000276e-01	1.557874735015623603e-02
5.180800000000000409e+02	2.857809999999999517e-01	1.592723142922209192e-02
5.184400000000000546e+02	2.852540000000000076e-01	1.616145181872250675e-02
5.187999999999999545e+02	2.868900000000000339e-01	1.638272219952064540e-02
5.191499999999999773e+02	2.861219999999999875e-01	1.624383190971610130e-02
5.195099999999999909e+02	2.870679999999999898e-01	1.615618249738745918e-02
5.198700000000000045e+02	2.875940000000000163e-01	1.669636402201256017e-02
5.202300000000000182e+02	2.867049999999999321e-01	1.642630811635205704e-02
5.205900000000000318e+02	2.868710000000000426e-01	1.638414826389621506e-02
5.209400000000000546e+02	2.861679999999999779e-01	1.625608130994538394e-02
5.212999999999999545e+02	2.869439999999999769e-01	1.620069410035672799e-02
5.216599999999999682e+02	2.860779999999999990e-01	1.615101591575932721e-02
5.220199999999999818e+02	2.873590000000000311e-01	1.626223139328944814e-02
5.223700000000000045e+02	2.866460000000000119e-01	1.627540675033619169e-02
5.227300000000000182e+02	2.868480000000000474e-01	1.604619088063512569e-02
5.230900000000000318e+02	2.874340000000000228e-01	1.657022049072102640e-02
5.234500000000000455e+02	2.872500000000000053e-01	1.647249316621837711e-02
5.237999999999999545e+02	2.860260000000000025e-01	1.620657967891093662e-02
5.241599999999999682e+02	2.870030000000000081e-01	1.645414591794083087e-02
5.245199999999999818e+02	2.878340000000000343e-01	1.654734723284806766e-02
5.248799999999999955e+02	2.873440000000000438e-01	1.682215887849514840e-02
5.252300000000000182e+02	2.869059999999999944e-01	1.646282655628195438e-02
5.255900000000000318e+02	2.863350000000000062e-01	1.634836663604858839e-02
5.259500000000000455e+02	2.856100000000000305e-01	1.620898598514622369e-02
5.263099999999999454e+02	2.848150000000000404e-01	1.629302933772599701e-02
5.266599999999999682e+02	2.863910000000000067e-01	1.613937754892259477e-02
5.270199999999999818e+02	2.855429999999999913e-01	1.614270334306563276e-02
5.273799999999999955e+02	2.857830000000000092e-01	1.646039698792225656e-02
5.277300000000000182e+02	2.847840000000000371e-01	1.640711682979878461e-02
5.280900000000000318e+02	2.861659999999999759e-01	1.626920111403411598e-02
5.284500000000000455e+02	2.855429999999999913e-01	1.552027119250462377e-02
5.288099999999999454e+02	2.856000000000000205e-01	1.580170947151675331e-02
5.291599999999999682e+02	2.851340000000000541e-01	1.600125038169760219e-02
5.295199999999999818e+02	2.866910000000000291e-01	1.608902472356717184e-02
5.298799999999999955e+02	2.851899999999999991e-01	1.555401270126494269e-02
5.302300000000000182e+02	2.852829999999999533e-01	1.581781499519519657e-02
5.305900000000000318e+02	2.848259999999999681e-01	1.594539656313243015e-02
5.309500000000000455e+02	2.867709999999999981e-01	1.582900596654410533e-02
5.312999999999999545e+02	2.860659999999999870e-01	1.572408246395742490e-02
5.316599999999999682e+02	2.865019999999999789e-01	1.551069085072186160e-02
5.320199999999999818e+02	2.865950000000000442e-01	1.582753235837967495e-02
5.323700000000000045e+02	2.838289999999999980e-01	1.570237897404225605e-02
5.327300000000000182e+02	2.836660000000000292e-01	1.536569347605242115e-02
5.330900000000000318e+02	2.838659999999999517e-01	1.566459519638687195e-02
5.334400000000000546e+02	2.836449999999999805e-01	1.567434409402121420e-02
5.337999999999999545e+02	2.842399999999999927e-01	1.563892863622342103e-02
5.341499999999999773e+02	2.854419999999999735e-01	1.562397394319952650e-02
5.345099999999999909e+02	2.831770000000000120e-01	1.508520865321760253e-02
5.348700000000000045e+02	2.846700000000000341e-01	1.495218757685086268e-02
5.352200000000000273e+02	2.845179999999999931e-01	1.518929775276731294e-02
5.355800000000000409e+02	2.846120000000000316e-01	1.567163026334883122e-02
5.359400000000000546e+02	2.845739999999999936e-01	1.540976993122653016e-02
5.362899999999999636e+02	2.853859999999999730e-01	1.522361069742216542e-02
5.366499999999999773e+02	2.844009999999999594e-01	1.550779821394528309e-02
5.370000000000000000e+02	2.850560000000000316e-01	1.543905626073764116e-02
5.373600000000000136e+02	2.852100000000000746e-01	1.588222444537707931e-02
5.377200000000000273e+02	2.851149999999999518e-01	1.572811200437681731e-02
5.380700000000000500e+02	2.854839999999999600e-01	1.588417928492232706e-02
5.384299999999999500e+02	2.851830000000000753e-01	1.571296782561743682e-02
5.387799999999999727e+02	2.843749999999999889e-01	1.582622024433573416e-02
5.391399999999999864e+02	2.837500000000000022e-01	1.560999188554134526e-02
5.394900000000000091e+02	2.850719999999999921e-01	1.545197583913893169e-02
5.398500000000000227e+02	2.866619999999999724e-01	1.583679890494147507e-02
5.402100000000000364e+02	2.860320000000000085e-01	1.625806458346134090e-02
5.405599999999999454e+02	2.881399999999999517e-01	1.616399407462290952e-02
5.409199999999999591e+02	2.882549999999999835e-01	1.654246328896233700e-02
5.412699999999999818e+02	2.865679999999999894e-01	1.650222670496991756e-02
5.416299999999999955e+02	2.875090000000000146e-01	1.650175697379592174e-02
5.419800000000000182e+02	2.880749999999999700e-01	1.617618395117409111e-02
5.423400000000000318e+02	2.885429999999999939e-01	1.631338591804629493e-02
5.426900000000000546e+02	2.886799999999999922e-01	1.595564414243435744e-02
5.430499999999999545e+02	2.883349999999999524e-01	1.573857132087350813e-02
5.434099999999999682e+02	2.873160000000000158e-01	1.566573856825425812e-02
5.437599999999999909e+02	2.875050000000000106e-01	1.622947991567607814e-02
5.441200000000000045e+02	2.870229999999999726e-01	1.652392313183121547e-02
5.444700000000000273e+02	2.881839999999999957e-01	1.663617244974870471e-02
5.448300000000000409e+02	2.888019999999999476e-01	1.683554505602159745e-02
5.451799999999999500e+02	2.891219999999999901e-01	1.655468351320019127e-02
5.455399999999999636e+02	2.898770000000000513e-01	1.664636717458531021e-02
5.458899999999999864e+02	2.891789999999999639e-01	1.617875970043576930e-02
5.462500000000000000e+02	2.897560000000000136e-01	1.629687312884830347e-02
5.466000000000000227e+02	2.893270000000000008e-01	1.635039850346841836e-02
5.469600000000000364e+02	2.901130000000000098e-01	1.607578137378640193e-02
5.473099999999999454e+02	2.887220000000000342e-01	1.586512708216777576e-02
5.476699999999999591e+02	2.886659999999999782e-01	1.594429136434451916e-02
5.480199999999999818e+02	2.898720000000000185e-01	1.623036111051684785e-02
5.483700000000000045e+02	2.880289999999999795e-01	1.593016275637021070e-02
5.487300000000000182e+02	2.893849999999999478e-01	1.620029096103592012e-02
5.490800000000000409e+02	2.911750000000000727e-01	1.617513024161887358e-02
5.494400000000000546e+02	2.901179999999999870e-01	1.598324663167308146e-02
5.497899999999999636e+02	2.909620000000000539e-01	1.600787874072569922e-02
5.501499999999999773e+02	2.906369999999999787e-01	1.627747318979344895e-02
5.505000000000000000e+02	2.907939999999999969e-01	1.654558190105275342e-02
5.508600000000000136e+02	2.912510000000000376e-01	1.593030239302861695e-02
5.512100000000000364e+02	2.911839999999999984e-01	1.607645021624971512e-02
5.515700000000000500e+02	2.907019999999999604e-01	1.660389544655109170e-02
5.519199999999999591e+02	2.914080000000000004e-01	1.659047134820332628e-02
5.522699999999999818e+02	2.914430000000000076e-01	1.652164163554377049e-02
5.526299999999999955e+02	2.925649999999999640e-01	1.690599323382752789e-02
5.529800000000000182e+02	2.934879999999999711e-01	1.714891475672245674e-02
5.533400000000000318e+02	2.935699999999999976e-01	1.683746022019552355e-02
5.536900000000000546e+02	2.938889999999999558e-01	1.654224897043929735e-02
5.540399999999999636e+02	2.943399999999999350e-01	1.649360037509497653e-02
5.543999999999999773e+02	2.949620000000000575e-01	1.637964840214153894e-02
5.547500000000000000e+02	2.945540000000000380e-01	1.646880810637018494e-02
5.551100000000000136e+02	2.962569999999999926e-01	1.709276032905939630e-02
5.554600000000000364e+02	2.981489999999999974e-01	1.685836847582430562e-02
5.558099999999999454e+02	2.954410000000000647e-01	1.640973149282664786e-02
5.561699999999999591e+02	2.945859999999999590e-01	1.607938799277579267e-02
5.565199999999999818e+02	2.945639999999999925e-01	1.578134730201026514e-02
5.568799999999999955e+02	2.948179999999999690e-01	1.565067139489904197e-02
5.572300000000000182e+02	2.968070000000000430e-01	1.578617032229300346e-02
5.575800000000000409e+02	2.949810000000000487e-01	1.602362571330221558e-02
5.579400000000000546e+02	2.962309999999999666e-01	1.639293516189892566e-02
5.582899999999999636e+02	2.962259999999999893e-01	1.599251965416609647e-02
5.586399999999999864e+02	2.971160000000000467e-01	1.631042721696768227e-02
5.590000000000000000e+02	2.967870000000000230e-01	1.624018568927776060e-02
5.593500000000000227e+02	2.957839999999999914e-01	1.592338840266801711e-02
5.597000000000000455e+02	2.977530000000000454e-01	1.567840872381859665e-02
5.600599999999999454e+02	2.981299999999999506e-01	1.645521173772411180e-02
5.604099999999999682e+02	2.985519999999999285e-01	1.653516487167071627e-02
5.607599999999999909e+02	3.001729999999999676e-01	1.619314128128188784e-02
5.611200000000000045e+02	3.002779999999999894e-01	1.640827601479746475e-02
5.614700000000000273e+02	2.988830000000000098e-01	1.704263347216816021e-02
5.618200000000000500e+02	3.002520000000000189e-01	1.675635625997224862e-02
5.621799999999999500e+02	3.017980000000000107e-01	1.670813054241024678e-02
5.625299999999999727e+02	3.020120000000000027e-01	1.625544857715234895e-02
5.628799999999999955e+02	3.008609999999999896e-01	1.716258828252765697e-02
5.632400000000000091e+02	3.014160000000000172e-01	1.711621428808238546e-02
5.635900000000000318e+02	3.004930000000000101e-01	1.677592196837148289e-02
5.639400000000000546e+02	3.009350000000000636e-01	1.660191162018531674e-02
5.642899999999999636e+02	3.028319999999999901e-01	1.700750519296962901e-02
5.646499999999999773e+02	3.021190000000000264e-01	1.718857523990216171e-02
5.650000000000000000e+02	3.019850000000000034e-01	1.699308030738786238e-02
5.653500000000000227e+02	3.027160000000000406e-01	1.716678590249852768e-02
5.657100000000000364e+02	3.030769999999999298e-01	1.739868571345420944e-02
5.660599999999999454e+02	3.042289999999999717e-01	1.701561560253796526e-02
5.664099999999999682e+02	3.042960000000000109e-01	1.718400691857920048e-02
5.667599999999999909e+02	3.051940000000000208e-01	1.765266811435471303e-02
5.671200000000000045e+02	3.054210000000000536e-01	1.808924753978327984e-02
5.674700000000000273e+02	3.055499999999999883e-01	1.807623977613829688e-02
5.678200000000000500e+02	3.057479999999999642e-01	1.761680484335592656e-02
5.681699999999999591e+02	3.047540000000000249e-01	1.765357163736436252e-02
5.685299999999999727e+02	3.077710000000000168e-01	1.811337599369286164e-02
5.688799999999999955e+02	3.073110000000000008e-01	1.780703515467973660e-02
5.692300000000000182e+02	3.070459999999999856e-01	1.795375659855062353e-02
5.695800000000000409e+02	3.076170000000000293e-01	1.808486562171683978e-02
5.699400000000000546e+02	3.074990000000000778e-01	1.766557955460278453e-02
5.702899999999999636e+02	3.083650000000000002e-01	1.803397535825704279e-02
5.706399999999999864e+02	3.091099999999999959e-01	1.815134638409932402e-02
5.709900000000000091e+02	3.091139999999999999e-01	1.764854486919530466e-02
5.713400000000000318e+02	3.085180000000000144e-01	1.756802295839422767e-02
5.717000000000000455e+02	3.084310000000000107e-01	1.764819244442771690e-02
5.720499999999999545e+02	3.076209999999999778e-01	1.779339574423924319e-02
5.723999999999999773e+02	3.085449999999999582e-01	1.746981868824058759e-02
5.727500000000000000e+02	3.086030000000000162e-01	1.785706408928658742e-02
5.731000000000000227e+02	3.096079999999999943e-01	1.844860258483913690e-02
5.734600000000000364e+02	3.089530000000000332e-01	1.824474883661353700e-02
5.738099999999999454e+02	3.083770000000000122e-01	1.844156127699965800e-02
5.741599999999999682e+02	3.086029999999999607e-01	1.763337523939570092e-02
5.745099999999999909e+02	3.088299999999999934e-01	1.741284015381241654e-02
5.748600000000000136e+02	3.104660000000000197e-01	1.732167583629764390e-02
5.752100000000000364e+02	3.115129999999999844e-01	1.814669918255720424e-02
5.755700000000000500e+02	3.116800000000000126e-01	1.896789843686197755e-02
5.759199999999999591e+02	3.107829999999999759e-01	1.890125722155950802e-02
5.762699999999999818e+02	3.109840000000000382e-01	1.853168105344646724e-02
5.766200000000000045e+02	3.112439999999999651e-01	1.873924492727613647e-02
5.769700000000000273e+02	3.132730000000000237e-01	1.875598417394655146e-02
5.773200000000000500e+02	3.123870000000000258e-01	1.845430844304687609e-02
5.776699999999999591e+02	3.129559999999999564e-01	1.881569068623312538e-02
5.780199999999999818e+02	3.146730000000000360e-01	1.862562106645335863e-02
5.783799999999999955e+02	3.161710000000000353e-01	1.880845102311428860e-02
5.787300000000000182e+02	3.155659999999999576e-01	1.869429795418913257e-02
5.790800000000000409e+02	3.153110000000000079e-01	1.881332349692632286e-02
5.794299999999999500e+02	3.154259999999999842e-01	1.842802552876701694e-02
5.797799999999999727e+02	3.140229999999999966e-01	1.794653987387107713e-02
5.801299999999999955e+02	3.132690000000000197e-01	1.794055898113421435e-02
5.804800000000000182e+02	3.135670000000000401e-01	1.785184541036459807e-02
5.808300000000000409e+02	3.134059999999999624e-01	1.803249604957055108e-02
5.811799999999999500e+02	3.129480000000000040e-01	1.804209083720004214e-02
5.815399999999999636e+02	3.148759999999999892e-01	1.846316646732082054e-02
5.818899999999999864e+02	3.143939999999999513e-01	1.811956886904321495e-02
5.822400000000000091e+02	3.136479999999999824e-01	1.826944551855790369e-02
5.825900000000000318e+02	3.160290000000000044e-01	1.887809897738646631e-02
5.829400000000000546e+02	3.137640000000000429e-01	1.834578578311651595e-02
5.832899999999999636e+02	3.141729999999999801e-01	1.797472188318300149e-02
5.836399999999999864e+02	3.126379999999999715e-01	1.799069931319452476e-02
5.839900000000000091e+02	3.124410000000000243e-01	1.803025121227593355e-02
5.843400000000000318e+02	3.121490000000000098e-01	1.839405456179311893e-02
5.846900000000000546e+02	3.107159999999999367e-01	1.764021385609848211e-02
5.850399999999999636e+02	3.108949999999999769e-01	1.792619605493591187e-02
5.853899999999999864e+02	3.114350000000000174e-01	1.837395603988306939e-02
5.857400000000000091e+02	3.120769999999999933e-01	1.877805752881686260e-02
5.860900000000000318e+02	3.129879999999999329e-01	1.907191197080728221e-02
5.864400000000000546e+02	3.128020000000000245e-01	1.922838918543793782e-02
5.867899999999999636e+02	3.134529999999999816e-01	1.949849225225148280e-02
5.871399999999999864e+02	3.129899999999999904e-01	1.914216735667910799e-02
5.874900000000000091e+02	3.124489999999999212e-01	1.911699345550387300e-02
5.878400000000000318e+02	3.119480000000000031e-01	1.920622988048987373e-02
5.881900000000000546e+02	3.113810000000000189e-01	1.891946513514586661e-02
5.885399999999999636e+02	3.113049999999999984e-01	1.828317236331448645e-02
5.888899999999999864e+02	3.117779999999999996e-01	1.840488683897718511e-02
5.892400000000000091e+02	3.138720000000000399e-01	1.835552958163349027e-02
5.895900000000000318e+02	3.122030000000000083e-01	1.836655287623552638e-02
5.899400000000000546e+02	3.120020000000000016e-01	1.827454050493928714e-02
5.902899999999999636e+02	3.122909999999999853e-01	1.850202628242526848e-02
5.906399999999999864e+02	3.130610000000000337e-01	1.845435049280009718e-02
5.909900000000000091e+02	3.107099999999999862e-01	1.808057969817954483e-02
5.913400000000000318e+02	3.107099999999999862e-01	1.851787586810827238e-02
5.916900000000000546e+02	3.115369999999999528e-01	1.851631311093605500e-02
5.920399999999999636e+02	3.113389999999999769e-01	1.859172082466338874e-02
5.923899999999999864e+02	3.121070000000000233e-01	1.877000728408074678e-02
5.927400000000000091e+02	3.121459999999999235e-01	1.841141838944275813e-02
5.930900000000000318e+02	3.117499999999999716e-01	1.818703286532590696e-02
5.934400000000000546e+02	3.106499999999999817e-01	1.805261673860914309e-02
5.937899999999999636e+02	3.112250000000000294e-01	1.850142158201784071e-02
5.941399999999999864e+02	3.101349999999999940e-01	1.870886190790045991e-02
5.944900000000000091e+02	3.101890000000000480e-01	1.854182769667902034e-02
5.948400000000000318e+02	3.112540000000000306e-01	1.870347497124532146e-02
5.951900000000000546e+02	3.114919999999999911e-01	1.849513370231928647e-02
5.955299999999999727e+02	3.120800000000000241e-01	1.807191264550232074e-02
5.958799999999999955e+02	3.109149999999999969e-01	1.837798575893330802e-02
5.962300000000000182e+02	3.093990000000000906e-01	1.772815459782671119e-02
5.965800000000000409e+02	3.085170000000000412e-01	1.794735307317859782e-02
5.969299999999999500e+02	3.085280000000000244e-01	1.782971606927915079e-02
5.972799999999999727e+02	3.115789999999999393e-01	1.837742754637389925e-02
5.976299999999999955e+02	3.115059999999999496e-01	1.853019075275086011e-02
5.979800000000000182e+02	3.103609999999999980e-01	1.868957317448540281e-02
5.983300000000000409e+02	3.099669999999999925e-01	1.775492382724046247e-02
5.986699999999999591e+02	3.101419999999999733e-01	1.850911966211971418e-02
5.990199999999999818e+02	3.104439999999999977e-01	1.841864636116829004e-02
5.993700000000000045e+02	3.110859999999999737e-01	1.859722871827950569e-02
5.997200000000000273e+02	3.102469999999999950e-01	1.848650252661834803e-02
6.000700000000000500e+02	3.088690000000000047e-01	1.822405318070964217e-02
6.004199999999999591e+02	3.093150000000000066e-01	1.867168951767473467e-02
6.007699999999999818e+02	3.078360000000000540e-01	1.850319481122711732e-02
6.011200000000000045e+02	3.081500000000000350e-01	1.818721296833452489e-02
6.014600000000000364e+02	3.081969999999999987e-01	1.769287100940815718e-02
6.018099999999999454e+02	3.084759999999999724e-01	1.769349279003756131e-02
6.021599999999999682e+02	3.081480000000000330e-01	1.781411255780714423e-02
6.025099999999999909e+02	3.075029999999999708e-01	1.791071448726834839e-02
6.028600000000000136e+02	3.081820000000000115e-01	1.795155758020889475e-02
6.032100000000000364e+02	3.075430000000000108e-01	1.828756207857618749e-02
6.035499999999999545e+02	3.073259999999999881e-01	1.831490754064082904e-02
6.038999999999999773e+02	3.080959999999999810e-01	1.850094881650968595e-02
6.042500000000000000e+02	3.050650000000000306e-01	1.797916171880966849e-02
6.046000000000000227e+02	3.030010000000000203e-01	1.738920293681621779e-02
6.049500000000000455e+02	3.058809999999999585e-01	1.785325581573910317e-02
6.052899999999999636e+02	3.048130000000000006e-01	1.712695899906213626e-02
6.056399999999999864e+02	3.050209999999999866e-01	1.713815246427948316e-02
6.059900000000000091e+02	3.033689999999999998e-01	1.765278772130150775e-02
6.063400000000000318e+02	3.028580000000000161e-01	1.699874987560360054e-02
6.066799999999999500e+02	3.032249999999999668e-01	1.694335754801863311e-02
6.070299999999999727e+02	3.038299999999999890e-01	1.728306319300294824e-02
6.073799999999999955e+02	3.031810000000000338e-01	1.666244502866651503e-02
6.077300000000000182e+02	3.035269999999999913e-01	1.685207234536255719e-02
6.080800000000000409e+02	3.026270000000000349e-01	1.663913920383035955e-02
6.084199999999999591e+02	3.021900000000000142e-01	1.642655106831619749e-02
6.087699999999999818e+02	3.022050000000000014e-01	1.654520617043566191e-02
6.091200000000000045e+02	3.022330000000000294e-01	1.636523069396416535e-02
6.094700000000000273e+02	2.992529999999999912e-01	1.619500924839363878e-02
6.098099999999999454e+02	2.998200000000000309e-01	1.689318310904003653e-02
6.101599999999999682e+02	2.976730000000000209e-01	1.708927792831257259e-02
6.105099999999999909e+02	2.974559999999999982e-01	1.645874297886823490e-02
6.108600000000000136e+02	2.990050000000000763e-01	1.660968929069214436e-02
6.112000000000000455e+02	2.987150000000000083e-01	1.700540876374990670e-02
6.115499999999999545e+02	2.994320000000000315e-01	1.677746523034858231e-02
6.118999999999999773e+02	2.990099999999999980e-01	1.685780709345080161e-02
6.122400000000000091e+02	2.987870000000000248e-01	1.633329837071088170e-02
6.125900000000000318e+02	2.957150000000000056e-01	1.612076599020998910e-02
6.129400000000000546e+02	2.955149999999999721e-01	1.624818165894947875e-02
6.132799999999999727e+02	2.957470000000000376e-01	1.607346799680903562e-02
6.136299999999999955e+02	2.971509999999999985e-01	1.624397395617490844e-02
6.139800000000000182e+02	2.965209999999999790e-01	1.572710225834513323e-02
6.143300000000000409e+02	2.947040000000000215e-01	1.570196577926895667e-02
6.146699999999999591e+02	2.938060000000000116e-01	1.606381241590343692e-02
6.150199999999999818e+02	2.933940000000000436e-01	1.616075219646522301e-02
6.153700000000000045e+02	2.927330000000000210e-01	1.621034368338108642e-02
6.157100000000000364e+02	2.926659999999999817e-01	1.630905135193337976e-02
6.160599999999999454e+02	2.932310000000000194e-01	1.640066004430580995e-02
6.164099999999999682e+02	2.939189999999999858e-01	1.628359757206277944e-02
6.167500000000000000e+02	2.925069999999999615e-01	1.620040253615117123e-02
6.171000000000000227e+02	2.897939999999999960e-01	1.629061312535534656e-02
6.174500000000000455e+02	2.917980000000000018e-01	1.593114063015507037e-02
6.177899999999999636e+02	2.903640000000000110e-01	1.625122396757993151e-02
6.181399999999999864e+02	2.910769999999999746e-01	1.629706101997807632e-02
6.184800000000000182e+02	2.917910000000000226e-01	1.594149786981553796e-02
6.188300000000000409e+02	2.903439999999999910e-01	1.572684048229508816e-02
6.191799999999999500e+02	2.899049999999999683e-01	1.634244713417587827e-02
6.195199999999999818e+02	2.891069999999999474e-01	1.671091672796225572e-02
6.198700000000000045e+02	2.904890000000000527e-01	1.646124245682026657e-02
6.202200000000000273e+02	2.910320000000000129e-01	1.644060263831928839e-02
6.205599999999999454e+02	2.883980000000000432e-01	1.622949159195485533e-02
6.209099999999999682e+02	2.877820000000000378e-01	1.639509722108682330e-02
6.212500000000000000e+02	2.869479999999999809e-01	1.602247621312012302e-02
6.216000000000000227e+02	2.862460000000000004e-01	1.610521159266293384e-02
6.219500000000000455e+02	2.833499999999999908e-01	1.551586865115840014e-02
6.222899999999999636e+02	2.825740000000000474e-01	1.511870028217445795e-02
6.226399999999999864e+02	2.823049999999999726e-01	1.514219955033687531e-02
6.229800000000000182e+02	2.838890000000000025e-01	1.540773971814887039e-02
6.233300000000000409e+02	2.830579999999999763e-01	1.551595872355656519e-02
6.236699999999999591e+02	2.831759999999999833e-01	1.562630013790852410e-02
6.240199999999999818e+02	2.819720000000000004e-01	1.554658381910458027e-02
6.243700000000000045e+02	2.834200000000000608e-01	1.609778314620438980e-02
6.247100000000000364e+02	2.804989999999999428e-01	1.597833230416184983e-02
6.250599999999999454e+02	2.792299999999999782e-01	1.561020599194998422e-02
6.253999999999999773e+02	2.784470000000000001e-01	1.609561010199847889e-02
6.257500000000000000e+02	2.784260000000000068e-01	1.592726692045925638e-02
6.260900000000000318e+02	2.782009999999999761e-01	1.591812778284905708e-02
6.264400000000000546e+02	2.772850000000000037e-01	1.608384436148411686e-02
6.267799999999999727e+02	2.757789999999999964e-01	1.564852974634429669e-02
6.271299999999999955e+02	2.763220000000000676e-01	1.530382129476890417e-02
6.274700000000000273e+02	2.756579999999999586e-01	1.502596898705704613e-02
6.278200000000000500e+02	2.760540000000000216e-01	1.517299649596831092e-02
6.281599999999999682e+02	2.758390000000000564e-01	1.553551790432348804e-02
6.285099999999999909e+02	2.750620000000000287e-01	1.520362944972168152e-02
6.288500000000000227e+02	2.723829999999999307e-01	1.478941145624876503e-02
6.292000000000000455e+02	2.729909999999999837e-01	1.488283287325814670e-02
6.295399999999999636e+02	2.741630000000000456e-01	1.456613599719874114e-02
6.298899999999999864e+02	2.736290000000000111e-01	1.464574207747766817e-02
6.302300000000000182e+02	2.727259999999999684e-01	1.508260058625317084e-02
6.305800000000000409e+02	2.726570000000000382e-01	1.448175726369022032e-02
6.309199999999999591e+02	2.733990000000000031e-01	1.492222827045463877e-02
6.312699999999999818e+02	2.706640000000000157e-01	1.486312007023499367e-02
6.316100000000000136e+02	2.699819999999999998e-01	1.445827489325365173e-02
6.319600000000000364e+02	2.703569999999999585e-01	1.482689336232569620e-02
6.322999999999999545e+02	2.691519999999999468e-01	1.431503140059427193e-02
6.326499999999999773e+02	2.686990000000000212e-01	1.418206750716473168e-02
6.329900000000000091e+02	2.653599999999999848e-01	1.446047432755155800e-02
6.333400000000000318e+02	2.655939999999999968e-01	1.432673671457979948e-02
6.336799999999999500e+02	2.671470000000000233e-01	1.457721151889711242e-02
6.340199999999999818e+02	2.673109999999999653e-01	1.477635434289076115e-02
6.343700000000000045e+02	2.671379999999999866e-01	1.443524373808000028e-02
6.347100000000000364e+02	2.661600000000000077e-01	1.413702546113887980e-02
6.350599999999999454e+02	2.634880000000000000e-01	1.470565452848363042e-02
6.353999999999999773e+02	2.622829999999999884e-01	1.487723354286303069e-02
6.357500000000000000e+02	2.603329999999999811e-01	1.393418036101633749e-02
6.360900000000000318e+02	2.599870000000000236e-01	1.385914083035292253e-02
6.364299999999999500e+02	2.603620000000000378e-01	1.369367273191852280e-02
6.367799999999999727e+02	2.588080000000000380e-01	1.406222969517991785e-02
6.371200000000000045e+02	2.587149999999999728e-01	1.429406265629971744e-02
6.374700000000000273e+02	2.586639999999999495e-01	1.387251520893821762e-02
6.378099999999999454e+02	2.568570000000000020e-01	1.327587369378502476e-02
6.381499999999999773e+02	2.554029999999999356e-01	1.337926555449803906e-02
6.385000000000000000e+02	2.549540000000000139e-01	1.344702157852561107e-02
6.388400000000000318e+02	2.526569999999999649e-01	1.339624989398981864e-02
6.391799999999999500e+02	2.542240000000000055e-01	1.354055826848443549e-02
6.395299999999999727e+02	2.542650000000000188e-01	1.368160868140552711e-02
6.398700000000000045e+02	2.542189999999999728e-01	1.319247213375870746e-02
6.402200000000000273e+02	2.540650000000000408e-01	1.332635110932053890e-02
6.405599999999999454e+02	2.524499999999999522e-01	1.369765868071376978e-02
6.408999999999999773e+02	2.515370000000000106e-01	1.361303142417424721e-02
6.412500000000000000e+02	2.492239999999999733e-01	1.312079225250264124e-02
6.415900000000000318e+02	2.483950000000000047e-01	1.269844813353191056e-02
6.419299999999999500e+02	2.475489999999999635e-01	1.315879000263069087e-02
6.422799999999999727e+02	2.466130000000000266e-01	1.303379155630982750e-02
6.426200000000000045e+02	2.453870000000000218e-01	1.290943066564560239e-02
6.429600000000000364e+02	2.461189999999999767e-01	1.355481812247340268e-02
6.433099999999999454e+02	2.482829999999999759e-01	1.357260574752607550e-02
6.436499999999999773e+02	2.466079999999999939e-01	1.342215364404849946e-02
6.439900000000000091e+02	2.461979999999999724e-01	1.334731973094223541e-02
6.443300000000000409e+02	2.460519999999999929e-01	1.301361610006995274e-02
6.446799999999999500e+02	2.444370000000000154e-01	1.290405931394372589e-02
6.450199999999999818e+02	2.442110000000000114e-01	1.329601598224069287e-02
6.453600000000000136e+02	2.423619999999999663e-01	1.335717741307812338e-02
6.457100000000000364e+02	2.428799999999999848e-01	1.314453253469120321e-02
6.460499999999999545e+02	2.411669999999999925e-01	1.299784033770397425e-02
6.463899999999999864e+02	2.403910000000000213e-01	1.323273251784713028e-02
6.467400000000000091e+02	2.391399999999999915e-01	1.324040147091888782e-02
6.470800000000000409e+02	2.390470000000000095e-01	1.270140771288320175e-02
6.474199999999999591e+02	2.390460000000000085e-01	1.202374402773297331e-02
6.477599999999999909e+02	2.366349999999999842e-01	1.177732597927993834e-02
6.481100000000000136e+02	2.353600000000000136e-01	1.165570504088019738e-02
6.484500000000000455e+02	2.341670000000000140e-01	1.191843642336434111e-02
6.487899999999999636e+02	2.343639999999999612e-01	1.245896671299653348e-02
6.491299999999999955e+02	2.328759999999999997e-01	1.256425142130552196e-02
6.494800000000000182e+02	2.323470000000000257e-01	1.208330952181561890e-02
6.498200000000000500e+02	2.329110000000000069e-01	1.248000413550501286e-02
6.501599999999999682e+02	2.321730000000000183e-01	1.293078781221177094e-02
6.505000000000000000e+02	2.305349999999999899e-01	1.212460695811987642e-02
6.508400000000000318e+02	2.314460000000000406e-01	1.222369004115460116e-02
6.511900000000000546e+02	2.298179999999999945e-01	1.242280624943942202e-02
6.515299999999999727e+02	2.281610000000000027e-01	1.171051440657782348e-02
6.518700000000000045e+02	2.276209999999999900e-01	1.164027390380293486e-02
6.522100000000000364e+02	2.270220000000000016e-01	1.121989659290831103e-02
6.525499999999999545e+02	2.259960000000000024e-01	1.133847022799421532e-02
6.528999999999999773e+02	2.252959999999999963e-01	1.154282443771886824e-02
6.532400000000000091e+02	2.249629999999999685e-01	1.196954886832043985e-02
6.535800000000000409e+02	2.249120000000000563e-01	1.188505249836486338e-02
6.539199999999999591e+02	2.320289999999999853e-01	1.148296694625952803e-02
6.542599999999999909e+02	2.232379999999999920e-01	1.145063082202121656e-02
6.546100000000000136e+02	2.229810000000000125e-01	1.194476291099995195e-02
6.549500000000000455e+02	2.227580000000000116e-01	1.175566310809862680e-02
6.552899999999999636e+02	2.213369999999999782e-01	1.142954514988822091e-02
6.556299999999999955e+02	2.181760000000000088e-01	1.120566247731724120e-02
6.559700000000000273e+02	2.180880000000000041e-01	1.089397701076659682e-02
6.563099999999999454e+02	2.178670000000000329e-01	1.136582079452836368e-02
6.566599999999999682e+02	2.160239999999999938e-01	1.095508640870633023e-02
6.570000000000000000e+02	2.169220000000000037e-01	1.073931332379620719e-02
6.573400000000000318e+02	2.143419999999999770e-01	1.057177214199313785e-02
6.576799999999999500e+02	2.142399999999999860e-01	1.065956190469382996e-02
6.580199999999999818e+02	2.132660000000000111e-01	1.060405899224967259e-02
6.583600000000000136e+02	2.129540000000000322e-01	1.054304902135367455e-02
6.587000000000000455e+02	2.124490000000000267e-01	1.117079112387897588e-02
6.590399999999999636e+02	2.111879999999999868e-01	1.130026172754910845e-02
6.593899999999999864e+02	2.098850000000000160e-01	1.109357103611516293e-02
6.597300000000000182e+02	2.105469999999999842e-01	1.073618316721543231e-02
6.600700000000000500e+02	2.084760000000000224e-01	1.044691099480288266e-02
6.604099999999999682e+02	2.079920000000000102e-01	1.042177440639442156e-02
6.607500000000000000e+02	2.076039999999999830e-01	1.027002122685245246e-02
6.610900000000000318e+02	2.075530000000000153e-01	1.018614713443922667e-02
6.614299999999999500e+02	2.068399999999999961e-01	1.046083245041022104e-02
6.617699999999999818e+02	2.051459999999999950e-01	1.071256605839868668e-02
6.621100000000000136e+02	2.044020000000000281e-01	1.072588372945454914e-02
6.624500000000000455e+02	2.039930000000000077e-01	1.065956587087652473e-02
6.627899999999999636e+02	2.032699999999999785e-01	1.041730174064068974e-02
6.631299999999999955e+02	2.022190000000000099e-01	9.817183964864873921e-03
6.634700000000000273e+02	2.022919999999999996e-01	9.964869380868863688e-03
6.638200000000000500e+02	2.001710000000000156e-01	9.730348908897812690e-03
6.641599999999999682e+02	1.999559999999999949e-01	9.925702908218753465e-03
6.645000000000000000e+02	1.999609999999999999e-01	9.844726670772645585e-03
6.648400000000000318e+02	1.980540000000000078e-01	9.654489709744140669e-03
6.651799999999999500e+02	1.975580000000000391e-01	9.725770212287675187e-03
6.655199999999999818e+02	1.972309999999999897e-01	9.656776486546175473e-03
6.658600000000000136e+02	1.976670000000000094e-01	9.762081067978168811e-03
6.662000000000000455e+02	1.987480000000000080e-01	1.014174703337097222e-02
6.665399999999999636e+02	1.981620000000000048e-01	1.006502059389624733e-02
6.668799999999999955e+02	1.957739999999999758e-01	9.959184058501536346e-03
6.672200000000000273e+02	1.948009999999999742e-01	9.779111349083708174e-03
6.675599999999999454e+02	1.947589999999999877e-01	9.658399159971251327e-03
6.678999999999999773e+02	1.945810000000000040e-01	9.501662597204297428e-03
6.682400000000000091e+02	1.952200000000000324e-01	9.875037440154060472e-03
6.685800000000000409e+02	1.940810000000000035e-01	9.850346011971128357e-03
6.689199999999999591e+02	1.929980000000000029e-01	9.637353117485687390e-03
6.692599999999999909e+02	1.935099999999999876e-01	1.000122170314985022e-02
6.696000000000000227e+02	1.934369999999999978e-01	1.001767172439673066e-02
6.699400000000000546e+02	1.924829999999999874e-01	9.560418871576705988e-03
6.702799999999999727e+02	1.914180000000000048e-01	9.563799547134899451e-03
6.706200000000000045e+02	1.915439999999999920e-01	1.003241858510033925e-02
6.709600000000000364e+02	1.913139999999999841e-01	9.865789623182163667e-03
6.712999999999999545e+02	1.903140000000000387e-01	9.777152868919570736e-03
6.716299999999999955e+02	1.920020000000000060e-01	9.794811755890631827e-03
6.719700000000000273e+02	1.916190000000000115e-01	9.648519684962615639e-03
6.723099999999999454e+02	1.899769999999999792e-01	9.933091837109152625e-03
6.726499999999999773e+02	1.892649999999999888e-01	9.911139103722302682e-03
6.729900000000000091e+02	1.885360000000000091e-01	9.927266738074929861e-03
6.733300000000000409e+02	1.882370000000000154e-01	1.004851598219580304e-02
6.736699999999999591e+02	1.886120000000000019e-01	1.030856373226756578e-02
6.740099999999999909e+02	1.882780000000000009e-01	9.705890170406832745e-03
6.743500000000000227e+02	1.882479999999999987e-01	9.578058699154255728e-03
6.746900000000000546e+02	1.874960000000000238e-01	9.867742081032407006e-03
6.750299999999999727e+02	1.865290000000000004e-01	9.607066895433452255e-03
6.753700000000000045e+02	1.875069999999999792e-01	9.477072573086879614e-03
6.757000000000000455e+02	1.874199999999999755e-01	9.697702591622175614e-03
6.760399999999999636e+02	1.863860000000000239e-01	9.396560268996783163e-03
6.763799999999999955e+02	1.872820000000000040e-01	9.349619100975897767e-03
6.767200000000000273e+02	1.869599999999999873e-01	9.356040473049125408e-03
6.770599999999999454e+02	1.865990000000000149e-01	9.235729707079037495e-03
6.773999999999999773e+02	1.867779999999999996e-01	9.035409330947756501e-03
6.777400000000000091e+02	1.854370000000000185e-01	9.198741828218804165e-03
6.780800000000000409e+02	1.850789999999999935e-01	9.164021612322346966e-03
6.784099999999999682e+02	1.857860000000000067e-01	9.141102073115204771e-03
6.787500000000000000e+02	1.850180000000000158e-01	9.013464594704968108e-03
6.790900000000000318e+02	1.859129999999999949e-01	8.899014308712318091e-03
6.794299999999999500e+02	1.862079999999999846e-01	9.279862522928042715e-03
6.797699999999999818e+02	1.866659999999999708e-01	9.357285361328538179e-03
6.801100000000000136e+02	1.853199999999999847e-01	9.554852403069578545e-03
6.804400000000000546e+02	1.870040000000000036e-01	9.542336680988220896e-03
6.807799999999999727e+02	1.873159999999999825e-01	9.455493077218837805e-03
6.811200000000000045e+02	1.889400000000000246e-01	9.807573604108204418e-03
6.814600000000000364e+02	1.882929999999999882e-01	9.802880081327574810e-03
6.817999999999999545e+02	1.877840000000000065e-01	1.005247334960130377e-02
6.821399999999999864e+02	1.882179999999999964e-01	9.946633467326186293e-03
6.824700000000000273e+02	1.882399999999999629e-01	9.769570785522428344e-03
6.828099999999999454e+02	1.898979999999999835e-01	9.802045908890650791e-03
6.831499999999999773e+02	1.901380000000000015e-01	9.728828158279563196e-03
6.834900000000000091e+02	1.904460000000000042e-01	9.878337264495027498e-03
6.838300000000000409e+02	1.901039999999999952e-01	1.043299767298183807e-02
6.841599999999999682e+02	1.923680000000000112e-01	1.040690548519480375e-02
6.845000000000000000e+02	1.921309999999999962e-01	1.044742429182109016e-02
6.848400000000000318e+02	1.919010000000000438e-01	1.026840206653401553e-02
6.851799999999999500e+02	1.922000000000000097e-01	1.021874693340083136e-02
6.855099999999999909e+02	1.930480000000000251e-01	1.029284398664107210e-02
6.858500000000000227e+02	1.946470000000000145e-01	1.058720832472428118e-02
6.861900000000000546e+02	1.950069999999999859e-01	1.063685083408931996e-02
6.865299999999999727e+02	1.945110000000000172e-01	1.092669101583620440e-02
6.868600000000000136e+02	1.954870000000000219e-01	1.086462220542742246e-02
6.872000000000000455e+02	1.956900000000000028e-01	1.092442594474520891e-02
6.875399999999999636e+02	1.982269999999999865e-01	1.113810636708253282e-02
6.878799999999999955e+02	1.980439999999999978e-01	1.102134920153708710e-02
6.882100000000000364e+02	1.988820000000000032e-01	1.109205840029502815e-02
6.885499999999999545e+02	2.005300000000000138e-01	1.126254648529067398e-02
6.888899999999999864e+02	2.008010000000000073e-01	1.143557465397636308e-02
6.892200000000000273e+02	2.000529999999999808e-01	1.148281886123786455e-02
6.895599999999999454e+02	2.030349999999999933e-01	1.170347699997265588e-02
6.898999999999999773e+02	2.054279999999999995e-01	1.205342310069817784e-02
6.902400000000000091e+02	2.061219999999999997e-01	1.224466185731561997e-02
6.905700000000000500e+02	2.063209999999999766e-01	1.188909803606275073e-02
6.909099999999999682e+02	2.068190000000000028e-01	1.186836368483690923e-02
6.912500000000000000e+02	2.089300000000000046e-01	1.206605154969926479e-02
6.915800000000000409e+02	2.108679999999999721e-01	1.230470314780310326e-02
6.919199999999999591e+02	2.117749999999999910e-01	1.252594287868182693e-02
6.922599999999999909e+02	2.120730000000000115e-01	1.223890055428909079e-02
6.925900000000000318e+02	2.136049999999999893e-01	1.259628042540954229e-02
6.929299999999999500e+02	2.151289999999999869e-01	1.258873503926779928e-02
6.932699999999999818e+02	2.162709999999999633e-01	1.269868527315590363e-02
6.936000000000000227e+02	2.178900000000000003e-01	1.292798093714215939e-02
6.939400000000000546e+02	2.179629999999999901e-01	1.277840522565751140e-02
6.942799999999999727e+02	2.196060000000000234e-01	1.300232476649208248e-02
6.946100000000000136e+02	2.203940000000000343e-01	1.292728846708044409e-02
6.949500000000000455e+02	2.225439999999999918e-01	1.312127095808769683e-02
6.952799999999999727e+02	2.216509999999999869e-01	1.294982303182385351e-02
6.956200000000000045e+02	2.233400000000000107e-01	1.287171239579256755e-02
6.959600000000000364e+02	2.243119999999999836e-01	1.286871614074656771e-02
6.962899999999999636e+02	2.246860000000000246e-01	1.295768559581533114e-02
6.966299999999999955e+02	2.260599999999999832e-01	1.315606264976130514e-02
6.969600000000000364e+02	2.278159999999999630e-01	1.357213396796703303e-02
6.972999999999999545e+02	2.288990000000000191e-01	1.346928864326381314e-02
6.976399999999999864e+02	2.313909999999999856e-01	1.375795983341199409e-02
6.979700000000000273e+02	2.340400000000000258e-01	1.408918166537716406e-02
6.983099999999999454e+02	2.360199999999999798e-01	1.435796565596177306e-02
6.986399999999999864e+02	2.367049999999999987e-01	1.405568095903653690e-02
6.989800000000000182e+02	2.377579999999999971e-01	1.399470096540512444e-02
6.993200000000000500e+02	2.385160000000000058e-01	1.412602131607560395e-02
6.996499999999999773e+02	2.408190000000000330e-01	1.420036168944689529e-02
6.999900000000000091e+02	2.428020000000000178e-01	1.444099733397939851e-02
7.003200000000000500e+02	2.458069999999999700e-01	1.465855965714988988e-02
7.006599999999999682e+02	2.488909999999999734e-01	1.512666750771262530e-02
7.009900000000000091e+02	2.495320000000000038e-01	1.484111599577336675e-02
7.013300000000000409e+02	2.520419999999999883e-01	1.502811297387517987e-02
7.016599999999999682e+02	2.520399999999999308e-01	1.517388377736197079e-02
7.020000000000000000e+02	2.550600000000000089e-01	1.524667001894730589e-02
7.023400000000000318e+02	2.561479999999999868e-01	1.538359897206545597e-02
7.026699999999999591e+02	2.574519999999999587e-01	1.547753359622333798e-02
7.030099999999999909e+02	2.570869999999999544e-01	1.549084755230935827e-02
7.033400000000000318e+02	2.581319999999999726e-01	1.578544518078459080e-02
7.036799999999999500e+02	2.601499999999999924e-01	1.571578223032856630e-02
7.040099999999999909e+02	2.612710000000000310e-01	1.575239032655044447e-02
7.043500000000000227e+02	2.654249999999999665e-01	1.556100319888006379e-02
7.046799999999999500e+02	2.674269999999999703e-01	1.574672883490409528e-02
7.050199999999999818e+02	2.695059999999999678e-01	1.579941195811484025e-02
7.053500000000000227e+02	2.723280000000000145e-01	1.618868911033599298e-02
7.056900000000000546e+02	2.723589999999999622e-01	1.590666963188014024e-02
7.060199999999999818e+02	2.761759999999999771e-01	1.614036969148407649e-02
7.063600000000000136e+02	2.772409999999999597e-01	1.624593853176164657e-02
7.066900000000000546e+02	2.759509999999999463e-01	1.609588915427372438e-02
7.070199999999999818e+02	2.794169999999999709e-01	1.601106582960672500e-02
7.073600000000000136e+02	2.852470000000000838e-01	1.644604620164575107e-02
7.076900000000000546e+02	2.869860000000000189e-01	1.687592171639160088e-02
7.080299999999999727e+02	2.877530000000000365e-01	1.636807075104182788e-02
7.083600000000000136e+02	2.886130000000000084e-01	1.650641949532228800e-02
7.087000000000000455e+02	2.877060000000000173e-01	1.665544543585270945e-02
7.090299999999999727e+02	2.887299999999999867e-01	1.601101828949884689e-02
7.093700000000000045e+02	2.913839999999999764e-01	1.647600033719079718e-02
7.097000000000000455e+02	2.951599999999999779e-01	1.710611008447631906e-02
7.100299999999999727e+02	2.989640000000000630e-01	1.688330899636284604e-02
7.103700000000000045e+02	2.994269999999999987e-01	1.722267510838223006e-02
7.107000000000000455e+02	3.026890000000000414e-01	1.736902680379966493e-02
7.110399999999999636e+02	3.043609999999999927e-01	1.682907797368722244e-02
7.113700000000000045e+02	3.039910000000000112e-01	1.632811076028087283e-02
7.117000000000000455e+02	3.081730000000000302e-01	1.682036226654401445e-02
7.120399999999999636e+02	3.098049999999999971e-01	1.677926672017185025e-02
7.123700000000000045e+02	3.101110000000000255e-01	1.729365956065979926e-02
7.127100000000000364e+02	3.103529999999999900e-01	1.729710297194944277e-02
7.130399999999999636e+02	3.115199999999999636e-01	1.692476751850835806e-02
7.133700000000000045e+02	3.142070000000000141e-01	1.659627856880370803e-02
7.137100000000000364e+02	3.179710000000000591e-01	1.692168972715852107e-02
7.140399999999999636e+02	3.197699999999999987e-01	1.699491597181018374e-02
7.143700000000000045e+02	3.219169999999998977e-01	1.668355291563787188e-02
7.147100000000000364e+02	3.250840000000000396e-01	1.672171031922272885e-02
7.150399999999999636e+02	3.258199999999999985e-01	1.711674047371299426e-02
7.153799999999999955e+02	3.281949999999999590e-01	1.766091322981660355e-02
7.157100000000000364e+02	3.311819999999999764e-01	1.780388951262554253e-02
7.160399999999999636e+02	3.350029999999999952e-01	1.805464163464773689e-02
7.163799999999999955e+02	3.403159999999999519e-01	1.834420503107786482e-02
7.167100000000000364e+02	3.416620000000000212e-01	1.886037791538417926e-02
7.170399999999999636e+02	3.429689999999999683e-01	1.894803399065747920e-02
7.173799999999999955e+02	3.425969999999999849e-01	1.864563142460512121e-02
7.177100000000000364e+02	3.424719999999999986e-01	1.848526919829228052e-02
7.180399999999999636e+02	3.469740000000000046e-01	1.786021825174597191e-02
7.183700000000000045e+02	3.485570000000000057e-01	1.767478631333975134e-02
7.187100000000000364e+02	3.513220000000000232e-01	1.830284396844745684e-02
7.190399999999999636e+02	3.533239999999999714e-01	1.840619999408411867e-02
7.193700000000000045e+02	3.554889999999999994e-01	1.823463617831613467e-02
7.197100000000000364e+02	3.577730000000000077e-01	1.834970905309763964e-02
7.200399999999999636e+02	3.590879999999999628e-01	1.815574918433399132e-02
7.203700000000000045e+02	3.607190000000000674e-01	1.830532135442830555e-02
7.207000000000000455e+02	3.632680000000000353e-01	1.872624431706000625e-02
7.210399999999999636e+02	3.662149999999999572e-01	1.871901007888326571e-02
7.213700000000000045e+02	3.673669999999999436e-01	1.920743467456749454e-02
7.217000000000000455e+02	3.669950000000000156e-01	1.899223918984921725e-02
7.220399999999999636e+02	3.690509999999999624e-01	1.868231905959334346e-02
7.223700000000000045e+02	3.736160000000000037e-01	1.885011566130151070e-02
7.227000000000000455e+02	3.768550000000000511e-01	1.917572164367108492e-02
7.230299999999999727e+02	3.801440000000000374e-01	1.897620130584622491e-02
7.233600000000000136e+02	3.817499999999999782e-01	1.855873061990561540e-02
7.237000000000000455e+02	3.825199999999999712e-01	1.886880176375807516e-02
7.240299999999999727e+02	3.805489999999999706e-01	1.909267960065672357e-02
7.243600000000000136e+02	3.805830000000000046e-01	1.844775771077763679e-02
7.246900000000000546e+02	3.845699999999999674e-01	1.873667627349572332e-02
7.250299999999999727e+02	3.863099999999999867e-01	1.905347486534790871e-02
7.253600000000000136e+02	3.923029999999999573e-01	1.954590352364288589e-02
7.256900000000000546e+02	3.937350000000000017e-01	1.945800893376983462e-02
7.260199999999999818e+02	3.939710000000000156e-01	1.944459596163189072e-02
7.263500000000000227e+02	3.964659999999999851e-01	1.978434174346526200e-02
7.266900000000000546e+02	3.972829999999999973e-01	1.865767748140159318e-02
7.270199999999999818e+02	3.981020000000000114e-01	1.924076637420314359e-02
7.273500000000000227e+02	4.021290000000000697e-01	1.964520232355303209e-02
7.276799999999999500e+02	4.019380000000000175e-01	1.900393186217584629e-02
7.280099999999999909e+02	4.074730000000000851e-01	1.895407109890174038e-02
7.283400000000000318e+02	4.091199999999999837e-01	1.907328096229557110e-02
7.286799999999999500e+02	4.096559999999999091e-01	1.943599605542939424e-02
7.290099999999999909e+02	4.144390000000000573e-01	2.009312267363581872e-02
7.293400000000000318e+02	4.139669999999999739e-01	2.003669245548166111e-02
7.296699999999999591e+02	4.140290000000000359e-01	1.879273437912759928e-02
7.300000000000000000e+02	4.124180000000000068e-01	1.919798090077877786e-02
7.303300000000000409e+02	4.116939999999999489e-01	1.946339442817379695e-02
7.306599999999999682e+02	4.156539999999999679e-01	1.938400664923992794e-02
7.310000000000000000e+02	4.195470000000000033e-01	1.895542203580695070e-02
7.313300000000000409e+02	4.196019999999999750e-01	1.889510270472807493e-02
7.316599999999999682e+02	4.156699999999999839e-01	1.882899389534956752e-02
7.319900000000000091e+02	4.191520000000000801e-01	1.858932601730837325e-02
7.323200000000000500e+02	4.240659999999999985e-01	1.858163760275181528e-02
7.326499999999999773e+02	4.259629999999999805e-01	1.898122786392445610e-02
7.329800000000000182e+02	4.286659999999999360e-01	1.962911189477959187e-02
7.333099999999999454e+02	4.314160000000000217e-01	2.068797295263334959e-02
7.336399999999999864e+02	4.318669999999998899e-01	2.004041372660088707e-02
7.339700000000000273e+02	4.325059999999999460e-01	1.928077644817356370e-02
7.343099999999999454e+02	4.318629999999999969e-01	1.972027096106384117e-02
7.346399999999999864e+02	4.311090000000000200e-01	1.937716723076128578e-02
7.349700000000000273e+02	4.338140000000000329e-01	1.921987248194488920e-02
7.352999999999999545e+02	4.408179999999999876e-01	2.030120920317582747e-02
7.356299999999999955e+02	4.429530000000000411e-01	2.014532904504995683e-02
7.359600000000000364e+02	4.447320000000000162e-01	2.040290511994145850e-02
7.362899999999999636e+02	4.472550000000000137e-01	1.959879640578868557e-02
7.366200000000000045e+02	4.482389999999999430e-01	2.000957562157567801e-02
7.369500000000000455e+02	4.448880000000000612e-01	1.874090889530766538e-02
7.372799999999999727e+02	4.482440000000000313e-01	1.920760984610006203e-02
7.376100000000000136e+02	4.479360000000000008e-01	1.830148580489210017e-02
7.379400000000000546e+02	4.563869999999999871e-01	1.872569085211247750e-02
7.382699999999999818e+02	4.549429999999999863e-01	1.863176505326320093e-02
7.386000000000000227e+02	4.540889999999999094e-01	1.984452157537580294e-02
7.389299999999999500e+02	4.530189999999999495e-01	2.008020077644200388e-02
7.392599999999999909e+02	4.585589999999999944e-01	2.119880025169139023e-02
7.395900000000000318e+02	4.570249999999999591e-01	2.039896758008437685e-02
7.399199999999999591e+02	4.564160000000000439e-01	1.970177770884873683e-02
7.402500000000000000e+02	4.622359999999999802e-01	1.942533587297213052e-02
7.405800000000000409e+02	4.663920000000000288e-01	2.021482183393605303e-02
7.409099999999999682e+02	4.660659999999999803e-01	2.041290165012750110e-02
7.412400000000000091e+02	4.646589999999999887e-01	1.994073036943899355e-02
7.415700000000000500e+02	4.646649999999999947e-01	1.967764841697864156e-02
7.418999999999999773e+02	4.666529999999999845e-01	2.021556683185839198e-02
7.422300000000000182e+02	4.731180000000000385e-01	2.122042657441173749e-02
7.425599999999999454e+02	4.742229999999999501e-01	2.151230764262892711e-02
7.428899999999999864e+02	4.733370000000000077e-01	2.275170426095104656e-02
7.432200000000000273e+02	4.786240000000000494e-01	2.281106321259246048e-02
7.435499999999999545e+02	4.767580000000000706e-01	2.276670369933542562e-02
7.438799999999999955e+02	4.742029999999999856e-01	2.327543984785489239e-02
7.442100000000000364e+02	4.761600000000000277e-01	2.221067996357708671e-02
7.445399999999999636e+02	4.767669999999999964e-01	2.216224001163540069e-02
7.448700000000000045e+02	4.795139999999999958e-01	2.080675938246991791e-02
7.451900000000000546e+02	4.831789999999999696e-01	1.957918948782099225e-02
7.455199999999999818e+02	4.873229999999999507e-01	2.044129681959211409e-02
7.458500000000000227e+02	4.851119999999999877e-01	2.187763113319172656e-02
7.461799999999999500e+02	4.862929999999999753e-01	2.141619470556492197e-02
7.465099999999999909e+02	4.857899999999998886e-01	2.027915289705717328e-02
7.468400000000000318e+02	4.864430000000000698e-01	2.025771973841083984e-02
7.471699999999999591e+02	4.906099999999999350e-01	2.011237087521564049e-02
7.475000000000000000e+02	4.949189999999999978e-01	2.002783681945373082e-02
7.478300000000000409e+02	4.983549999999999924e-01	1.909851415104792463e-02
7.481599999999999682e+02	4.974930000000000740e-01	2.024537500270123455e-02
7.484800000000000182e+02	4.972729999999999650e-01	2.312220477040293973e-02
7.488099999999999454e+02	4.987730000000000219e-01	2.392962617760669916e-02
7.491399999999999864e+02	4.993130000000000623e-01	2.476266333952522117e-02
7.494700000000000273e+02	4.984029999999999849e-01	2.315422678235852169e-02
7.497999999999999545e+02	4.992170000000000774e-01	2.427938133249874300e-02
7.501299999999999955e+02	4.944049999999999834e-01	2.297771781772747768e-02
7.504600000000000364e+02	4.964170000000001082e-01	2.308288052744814078e-02
7.507799999999999727e+02	4.983800000000000452e-01	2.307312587790778802e-02
7.511100000000000136e+02	5.052260000000000639e-01	2.384785199737889452e-02
7.514400000000000546e+02	5.064489999999999270e-01	2.453148242338583709e-02
7.517699999999999818e+02	5.090740000000000265e-01	2.511200798201707052e-02
7.521000000000000227e+02	5.065720000000000223e-01	2.305702119143369921e-02
7.524199999999999591e+02	5.123210000000000264e-01	2.188863751152892237e-02
7.527500000000000000e+02	5.123089999999999034e-01	2.220094464706900972e-02
7.530800000000000409e+02	5.134830000000000227e-01	2.227657668942873218e-02
7.534099999999999682e+02	5.161659999999999027e-01	2.453184760899821196e-02
7.537400000000000091e+02	5.189570000000000016e-01	2.409164539604733216e-02
7.540599999999999454e+02	5.208630000000000759e-01	2.207059960168228016e-02
7.543899999999999864e+02	5.192930000000000046e-01	2.209800378365028503e-02
7.547200000000000273e+02	5.190840000000001009e-01	2.284453833097870382e-02
7.550499999999999545e+02	5.150810000000000111e-01	2.197617409074352143e-02
7.553799999999999955e+02	5.183659999999999934e-01	1.956163565076635483e-02
7.557000000000000455e+02	5.201980000000000492e-01	2.035636132078182461e-02
7.560299999999999727e+02	5.200579999999999092e-01	2.041170866602467007e-02
7.563600000000000136e+02	5.186339999999999284e-01	2.145322520171630276e-02
7.566900000000000546e+02	5.228720000000000034e-01	2.304072451600042148e-02
7.570099999999999909e+02	5.250060000000000837e-01	2.287765014156828772e-02
7.573400000000000318e+02	5.334039999999999893e-01	2.261598899500577575e-02
7.576699999999999591e+02	5.341029999999999944e-01	2.268287582443343289e-02
7.580000000000000000e+02	5.351620000000000266e-01	2.301911803504015294e-02
7.583200000000000500e+02	5.362339999999999884e-01	2.277388212648671917e-02
7.586499999999999773e+02	5.350089999999999568e-01	2.211345756421741193e-02
7.589800000000000182e+02	5.322779999999999179e-01	2.136669546539920680e-02
7.592999999999999545e+02	5.309549999999999548e-01	2.049662651104648334e-02
7.596299999999999955e+02	5.341509999999999314e-01	2.017651772895081783e-02
7.599600000000000364e+02	5.349650000000000238e-01	2.015204292097674821e-02
7.602899999999999636e+02	5.332889999999999020e-01	1.948596198121440096e-02
7.606100000000000136e+02	5.305340000000000611e-01	2.054949548988706590e-02
7.609400000000000546e+02	5.322919999999998764e-01	2.095360943714576554e-02
7.612699999999999818e+02	5.431280000000000552e-01	2.300244329051445713e-02
7.615900000000000318e+02	5.447640000000000260e-01	2.131285356565636516e-02
7.619199999999999591e+02	5.443329999999999558e-01	2.206363297626007247e-02
7.622500000000000000e+02	5.439469999999999583e-01	2.252667387047335365e-02
7.625700000000000500e+02	5.387610000000000454e-01	2.320311269588150316e-02
7.628999999999999773e+02	5.405789999999999207e-01	2.340647756735539028e-02
7.632300000000000182e+02	5.450300000000000145e-01	2.207167949104815383e-02
7.635499999999999545e+02	5.468040000000000678e-01	2.105980643574652603e-02
7.638799999999999955e+02	5.456390000000000962e-01	2.269304496732178766e-02
7.642100000000000364e+02	5.427950000000000275e-01	2.214795888513833300e-02
7.645299999999999727e+02	5.397959999999999425e-01	2.346954585556922449e-02
7.648600000000000136e+02	5.384940000000000282e-01	2.446133412369634955e-02
7.651799999999999500e+02	5.437020000000000186e-01	2.487176528605165859e-02
7.655099999999999909e+02	5.467760000000000398e-01	2.503557372131814604e-02
7.658400000000000318e+02	5.483879999999998756e-01	2.227433195406767000e-02
7.661599999999999682e+02	5.501300000000000079e-01	2.205074193763104096e-02
7.664900000000000091e+02	5.530730000000000368e-01	2.374793132745110433e-02
7.668099999999999454e+02	5.537199999999999900e-01	2.331004604600057581e-02
7.671399999999999864e+02	5.487169999999998993e-01	2.126983733156205883e-02
7.674700000000000273e+02	5.496489999999999432e-01	2.046613905128827002e-02
7.677899999999999636e+02	5.525480000000000391e-01	2.035941675654454400e-02
7.681200000000000045e+02	5.493780000000000330e-01	2.126764108530452765e-02
7.684400000000000546e+02	5.492460000000001230e-01	2.103339351285632083e-02
7.687699999999999818e+02	5.551499999999999213e-01	2.172380624517208578e-02
7.690900000000000318e+02	5.598090000000001121e-01	2.289552952240045749e-02
7.694199999999999591e+02	5.618769999999999598e-01	2.181794195661503066e-02
7.697500000000000000e+02	5.630770000000000497e-01	2.401541884567773635e-02
7.700700000000000500e+02	5.626099999999999435e-01	2.346074698062465894e-02
7.703999999999999773e+02	5.625030000000000863e-01	2.358216699353795839e-02
7.707200000000000273e+02	5.625060000000000615e-01	2.265406969570319881e-02
7.710499999999999545e+02	5.602750000000000785e-01	2.107988057366549581e-02
7.713700000000000045e+02	5.575210000000000443e-01	2.154158853370743976e-02
7.717000000000000455e+02	5.575959999999999805e-01	2.397234027420398414e-02
7.720199999999999818e+02	5.582979999999999610e-01	2.285160756805622653e-02
7.723500000000000227e+02	5.624080000000000190e-01	2.264221116018095073e-02
7.726699999999999591e+02	5.678989999999999316e-01	2.142394913538480869e-02
7.730000000000000000e+02	5.749630000000000019e-01	2.093651122640383111e-02
7.733200000000000500e+02	5.749239999999999906e-01	2.330085864893775838e-02
7.736499999999999773e+02	5.751230000000000508e-01	2.395990929541355272e-02
7.739700000000000273e+02	5.695059999999999567e-01	2.569259470483015173e-02
7.742999999999999545e+02	5.729789999999999051e-01	2.445492340568208856e-02
7.746200000000000045e+02	5.703489999999998838e-01	2.266466542390992156e-02
7.749500000000000455e+02	5.749109999999999498e-01	2.381574061414004975e-02
7.752699999999999818e+02	5.745940000000000492e-01	2.335350747865415008e-02
7.756000000000000227e+02	5.725109999999999921e-01	2.216102461780843427e-02
7.759199999999999591e+02	5.713169999999999638e-01	2.223160503277559971e-02
7.762500000000000000e+02	5.736550000000000260e-01	2.119011568580450589e-02
7.765700000000000500e+02	5.744960000000000067e-01	2.187617279141852375e-02
7.768999999999999773e+02	5.818969999999999976e-01	2.284987284428514551e-02
7.772200000000000273e+02	5.778630000000000155e-01	2.107981884014502663e-02
7.775399999999999636e+02	5.729520000000000168e-01	2.007652093588151512e-02
7.778700000000000045e+02	5.691710000000000935e-01	2.022392952530353491e-02
7.781900000000000546e+02	5.738419999999999632e-01	2.226516615702654397e-02
7.785199999999999818e+02	5.802419999999999245e-01	2.374535195686843306e-02
7.788400000000000318e+02	5.787489999999999579e-01	2.124455106348187294e-02
7.791699999999999591e+02	5.729630000000000001e-01	1.878435383504048484e-02
7.794900000000000091e+02	5.740780000000000882e-01	1.992912786183412277e-02
7.798099999999999454e+02	5.743759999999999977e-01	2.149499539686182750e-02
7.801399999999999864e+02	5.781229999999999425e-01	2.210788265905776206e-02
7.804600000000000364e+02	5.780480000000001173e-01	2.118943425389172366e-02
7.807899999999999636e+02	5.772800000000000153e-01	2.081252913244540509e-02
7.811100000000000136e+02	5.776449999999999640e-01	1.948929525263661325e-02
7.814299999999999500e+02	5.779180000000000428e-01	2.171263947310157760e-02
7.817599999999999909e+02	5.777120000000000033e-01	2.328877892891767845e-02
7.820800000000000409e+02	5.733840000000000048e-01	2.052151739029061187e-02
7.823999999999999773e+02	5.753860000000000641e-01	2.219123777029523292e-02
7.827300000000000182e+02	5.726109999999999811e-01	2.150000901550197865e-02
7.830499999999999545e+02	5.736990000000000700e-01	2.044127613161391896e-02
7.833700000000000045e+02	5.756879999999999775e-01	2.090540513838467021e-02
7.837000000000000455e+02	5.741460000000000452e-01	1.920209393674439033e-02
7.840199999999999818e+02	5.752870000000001038e-01	1.783954944934304163e-02
7.843400000000000318e+02	5.785970000000000280e-01	1.881628136895161646e-02
7.846699999999999591e+02	5.771640000000000104e-01	2.053519327074052395e-02
7.849900000000000091e+02	5.742660000000000542e-01	1.783702716884800685e-02
7.853099999999999454e+02	5.840759999999999286e-01	2.141243419656491120e-02
7.856399999999999864e+02	5.806090000000000417e-01	2.261720738484061799e-02
7.859600000000000364e+02	5.813800000000000079e-01	2.209700205910295270e-02
7.862799999999999727e+02	5.802310000000000523e-01	2.335371069492431575e-02
7.866100000000000136e+02	5.833990000000000009e-01	2.270086960889383318e-02
7.869299999999999500e+02	5.764949999999999797e-01	2.060822377649811077e-02
7.872500000000000000e+02	5.766320000000000334e-01	1.930683475985757458e-02
7.875800000000000409e+02	5.782089999999999730e-01	1.975455168084335605e-02
7.878999999999999773e+02	5.813710000000000822e-01	2.161664479310124523e-02
7.882200000000000273e+02	5.826200000000001378e-01	2.146581349236243927e-02
7.885399999999999636e+02	5.852390000000000647e-01	2.018389354851481132e-02
7.888700000000000045e+02	5.843290000000000983e-01	2.091829005386858231e-02
7.891900000000000546e+02	5.890470000000000983e-01	2.183141365860977526e-02
7.895099999999999909e+02	5.903639999999999999e-01	2.382343884123830011e-02
7.898300000000000409e+02	5.907320000000000348e-01	2.146498682868348482e-02
7.901599999999999682e+02	5.907199999999999118e-01	2.328268636657815360e-02
7.904800000000000182e+02	5.870710000000001205e-01	2.050453220631965820e-02
7.907999999999999545e+02	5.860449999999999271e-01	2.105094852705903519e-02
7.911200000000000045e+02	5.844549999999999468e-01	1.996272756079857380e-02
7.914500000000000455e+02	5.848829999999999307e-01	2.116411753941614682e-02
7.917699999999999818e+02	5.848899999999999100e-01	2.272333553371462533e-02
7.920900000000000318e+02	5.875269999999999104e-01	2.195718723384719115e-02
7.924099999999999682e+02	5.882080000000000641e-01	2.067988157069033592e-02
7.927300000000000182e+02	5.846000000000000085e-01	2.138841534829336033e-02
7.930599999999999454e+02	5.840549999999999908e-01	2.141293172361038999e-02
7.933799999999999955e+02	5.872429999999999595e-01	2.146726138151353047e-02
7.937000000000000455e+02	5.791929999999999579e-01	2.002019613901034889e-02
7.940199999999999818e+02	5.767650000000000832e-01	2.052560212948155438e-02
7.943400000000000318e+02	5.821830000000000060e-01	2.188770111526359974e-02
7.946699999999999591e+02	5.790490000000000359e-01	2.304889640404599385e-02
7.949900000000000091e+02	5.862309999999999466e-01	2.321160650527135175e-02
7.953099999999999454e+02	5.856680000000000774e-01	2.067416099600872734e-02
7.956299999999999955e+02	5.802720000000000100e-01	2.024189718820293069e-02
7.959500000000000455e+02	5.732369999999999965e-01	2.038240783126468725e-02
7.962699999999999818e+02	5.797530000000000738e-01	1.940404328140572440e-02
7.965900000000000318e+02	5.824570000000000025e-01	2.182384893489994204e-02
7.969199999999999591e+02	5.859810000000000851e-01	2.311214608286203676e-02
7.972400000000000091e+02	5.838910000000000489e-01	2.298356937031321989e-02
7.975599999999999454e+02	5.879919999999999591e-01	2.285526590428462942e-02
7.978799999999999955e+02	5.950400000000000134e-01	2.274852718065256685e-02
7.982000000000000455e+02	5.895110000000000072e-01	2.222429003740426443e-02
7.985199999999999818e+02	5.893200000000000660e-01	1.891147687986789380e-02
7.988400000000000318e+02	5.900030000000000552e-01	2.215703455138144651e-02
7.991599999999999682e+02	5.965970000000000439e-01	2.131941780787333096e-02
7.994900000000000091e+02	6.042520000000000113e-01	2.096578168773532980e-02
