191.457733	0.066659	0.353647	0.068575	0.399729	0.084415	0.455848	0.121951	0.514242	0.197523	0.587060	
193.053986	0.067012	0.349926	0.068781	0.397472	0.083749	0.452242	0.121266	0.514035	0.195701	0.585706	
194.650345	0.067498	0.348850	0.068559	0.397181	0.083917	0.450388	0.120980	0.510746	0.193081	0.583359	
196.246765	0.068107	0.349297	0.068784	0.395888	0.083429	0.450589	0.119150	0.512056	0.190502	0.584042	
197.843262	0.067928	0.349668	0.069017	0.396171	0.082748	0.449489	0.117378	0.511647	0.189458	0.581302	
199.439835	0.068464	0.349404	0.068393	0.395756	0.082316	0.449322	0.116865	0.511133	0.186991	0.581019	
201.036469	0.068085	0.349056	0.068127	0.394253	0.081269	0.448682	0.115172	0.509097	0.185415	0.578701	
202.633194	0.068634	0.348587	0.068030	0.395118	0.080337	0.448205	0.113467	0.508492	0.182138	0.578956	
204.229980	0.068687	0.350679	0.067755	0.395208	0.079445	0.448268	0.112537	0.509799	0.180908	0.578889	
205.826859	0.069199	0.351139	0.067897	0.395982	0.079132	0.449208	0.111194	0.510726	0.179388	0.580039	
207.423782	0.069200	0.352711	0.067476	0.398233	0.078470	0.450385	0.110248	0.512309	0.177908	0.581032	
209.020782	0.069340	0.354152	0.067533	0.399877	0.077783	0.452637	0.109672	0.513583	0.176552	0.582417	
210.617874	0.069898	0.354871	0.067463	0.401038	0.077702	0.454256	0.108336	0.516034	0.175058	0.583741	
212.215012	0.070174	0.356769	0.067529	0.402275	0.076831	0.454281	0.107428	0.515658	0.173517	0.584873	
213.812225	0.070407	0.357558	0.067261	0.402514	0.075913	0.455744	0.106155	0.516822	0.171543	0.584792	
215.409500	0.070426	0.358134	0.066870	0.402886	0.075311	0.455516	0.104940	0.517018	0.169459	0.584853	
217.006866	0.070566	0.358293	0.066499	0.403629	0.074588	0.456015	0.103661	0.515809	0.167762	0.584414	
218.604279	0.070505	0.358531	0.066249	0.403240	0.073562	0.455400	0.102085	0.516230	0.166029	0.583372	
220.201752	0.070292	0.357782	0.065761	0.402573	0.072758	0.454565	0.100824	0.515787	0.163729	0.582660	
221.799316	0.070260	0.357433	0.065405	0.402821	0.071933	0.453968	0.099293	0.514896	0.161777	0.581578	
223.396927	0.070222	0.357302	0.065046	0.402114	0.071120	0.453893	0.098144	0.513471	0.159633	0.580494	
224.994598	0.070229	0.357800	0.064714	0.401882	0.070556	0.453676	0.096973	0.513408	0.157940	0.580574	
226.592361	0.070270	0.358378	0.064451	0.402672	0.069675	0.453707	0.095595	0.514055	0.156292	0.581066	
228.190155	0.070138	0.358822	0.063974	0.402672	0.069026	0.453646	0.094311	0.513600	0.154450	0.579860	
229.788040	0.069747	0.358049	0.063412	0.401328	0.067932	0.453012	0.093140	0.511767	0.152142	0.578658	
231.385986	0.069109	0.356098	0.062817	0.399620	0.066904	0.450870	0.091604	0.509743	0.149970	0.575683	
232.983978	0.069265	0.355429	0.062299	0.398387	0.066162	0.449159	0.090074	0.508405	0.148029	0.573875	
234.582062	0.069038	0.355706	0.061926	0.399296	0.065602	0.449105	0.089110	0.508407	0.146904	0.574283	
236.180176	0.069296	0.356847	0.061848	0.400367	0.065098	0.450659	0.088301	0.510253	0.145788	0.576503	
237.778351	0.069353	0.358024	0.061628	0.401702	0.064544	0.452189	0.087531	0.511690	0.144665	0.578149	
239.376617	0.069479	0.359488	0.061529	0.402679	0.064033	0.453726	0.086709	0.513298	0.143433	0.579662	
240.974899	0.069356	0.359331	0.061175	0.403768	0.063479	0.453919	0.085836	0.513448	0.142312	0.580436	
242.573273	0.069142	0.359680	0.060710	0.402908	0.062715	0.453213	0.084738	0.513323	0.140694	0.579545	
244.171677	0.068823	0.359684	0.060304	0.402545	0.062017	0.453608	0.083512	0.513559	0.139208	0.580112	
245.770172	0.068733	0.359494	0.059821	0.403095	0.061365	0.453346	0.082384	0.513516	0.137782	0.580393	
247.368698	0.068411	0.359277	0.059391	0.402344	0.060642	0.452909	0.081682	0.512242	0.136706	0.579622	
248.967316	0.068199	0.359069	0.059109	0.402251	0.059971	0.452826	0.080648	0.513207	0.135403	0.579701	
250.565964	0.067925	0.358817	0.058725	0.402307	0.059303	0.453201	0.079787	0.512869	0.134408	0.579956	
252.164673	0.067792	0.359107	0.058309	0.402729	0.058807	0.452194	0.078932	0.513276	0.133237	0.580785	
253.763428	0.067604	0.358757	0.058163	0.402068	0.058281	0.453064	0.078119	0.513913	0.132189	0.581489	
255.362228	0.067484	0.359709	0.057741	0.403145	0.058044	0.454030	0.077838	0.514680	0.131527	0.582213	
256.961121	0.067508	0.360078	0.057523	0.403447	0.057653	0.454256	0.077133	0.515503	0.130997	0.582863	
258.560028	0.067440	0.360360	0.057225	0.403410	0.057257	0.454916	0.076722	0.516263	0.130304	0.584423	
260.158997	0.067094	0.361143	0.057000	0.404465	0.056794	0.455121	0.075934	0.516103	0.129590	0.584112	
261.758026	0.067230	0.360965	0.056817	0.404399	0.056410	0.455838	0.075607	0.516073	0.128888	0.585216	
263.357117	0.066879	0.361049	0.056650	0.403850	0.055929	0.456203	0.074853	0.516561	0.128296	0.585405	
264.956238	0.066670	0.360869	0.056379	0.404136	0.055681	0.455382	0.074494	0.516869	0.127501	0.585504	
266.555450	0.066643	0.360248	0.056129	0.403616	0.055189	0.455739	0.073852	0.516161	0.126366	0.584665	
268.154663	0.066484	0.360015	0.056142	0.402996	0.055099	0.454812	0.073223	0.515466	0.125701	0.584365	
269.753967	0.066479	0.360072	0.055938	0.403538	0.054737	0.454779	0.072728	0.516686	0.124981	0.583757	
271.353271	0.066538	0.358511	0.055769	0.402400	0.054585	0.453717	0.072310	0.515113	0.123893	0.583827	
272.952667	0.066701	0.359506	0.055762	0.402855	0.054268	0.453623	0.071998	0.515122	0.123393	0.583634	
274.552094	0.066775	0.358652	0.055627	0.402793	0.054235	0.453687	0.071848	0.515135	0.123019	0.584798	
276.151550	0.066822	0.359996	0.055703	0.403271	0.053929	0.454634	0.071427	0.515966	0.122577	0.583565	
277.751099	0.066907	0.359790	0.055559	0.403087	0.053850	0.453696	0.071026	0.514283	0.122114	0.584137	
279.350647	0.066822	0.358792	0.055632	0.401578	0.053446	0.453515	0.070494	0.514627	0.121071	0.583392	
280.950256	0.067069	0.358874	0.055550	0.402151	0.053474	0.453162	0.070307	0.514180	0.120502	0.582135	
282.549927	0.067135	0.360133	0.055717	0.403391	0.053545	0.454342	0.070163	0.515292	0.120536	0.583663	
284.149628	0.067265	0.360522	0.055773	0.404334	0.053374	0.454547	0.069808	0.515692	0.119826	0.584487	
285.749390	0.067463	0.361582	0.055509	0.405523	0.053425	0.455114	0.069437	0.516839	0.119259	0.585359	
287.349182	0.067870	0.361125	0.055605	0.405027	0.053088	0.456321	0.068906	0.517277	0.118890	0.585353	
288.949005	0.067736	0.361887	0.055871	0.404619	0.053146	0.456532	0.068763	0.516627	0.118097	0.586954	
290.548889	0.067983	0.361843	0.055960	0.405306	0.053066	0.455837	0.068543	0.517251	0.117475	0.586230	
292.148804	0.068160	0.362053	0.055966	0.405299	0.053038	0.456356	0.068309	0.517169	0.116778	0.585738	
293.748749	0.068676	0.363107	0.056121	0.406453	0.052885	0.456942	0.068443	0.516426	0.116469	0.584752	
295.348755	0.069009	0.363018	0.056507	0.406656	0.053199	0.457105	0.067852	0.517621	0.116348	0.586069	
296.948792	0.069310	0.364842	0.056633	0.407814	0.053038	0.457853	0.067763	0.517844	0.115293	0.586114	
298.548889	0.069538	0.364366	0.056753	0.407504	0.053171	0.457511	0.067620	0.517848	0.114977	0.586708	
300.148987	0.070401	0.365099	0.057170	0.407727	0.053289	0.457430	0.067475	0.518465	0.114831	0.585502	
301.749146	0.070275	0.365843	0.057308	0.409251	0.053333	0.459829	0.067562	0.518662	0.114303	0.588065	
303.349335	0.071021	0.367294	0.057681	0.409629	0.053497	0.460825	0.067204	0.521198	0.113972	0.587752	
304.949554	0.071265	0.368283	0.058048	0.411144	0.053652	0.461319	0.067078	0.521464	0.113374	0.589720	
306.549835	0.071589	0.369294	0.058568	0.412042	0.053758	0.462295	0.066918	0.521954	0.112866	0.589344	
308.150146	0.072553	0.370232	0.059054	0.413081	0.053776	0.462899	0.066746	0.523250	0.112345	0.591498	
309.750458	0.072695	0.372258	0.058985	0.414266	0.053878	0.464224	0.066396	0.524176	0.111751	0.592344	
311.350861	0.073345	0.372942	0.059242	0.415158	0.053884	0.466252	0.066284	0.525057	0.111000	0.592085	
312.951233	0.073855	0.373388	0.059626	0.416312	0.054027	0.466754	0.066157	0.525640	0.110666	0.592892	
314.551697	0.074548	0.375186	0.060078	0.417077	0.054283	0.466717	0.065969	0.526753	0.109991	0.593509	
316.152161	0.075069	0.376392	0.060241	0.419148	0.054157	0.469915	0.065796	0.527745	0.109039	0.595733	
317.752686	0.075363	0.377883	0.060662	0.420101	0.054337	0.469932	0.065255	0.529554	0.108906	0.596272	
319.353210	0.075556	0.378735	0.060954	0.421862	0.054354	0.471437	0.065217	0.530365	0.108017	0.597835	
320.953796	0.076121	0.379409	0.061176	0.421184	0.054081	0.471478	0.064537	0.529479	0.106809	0.596179	
322.554382	0.075631	0.374514	0.060239	0.414999	0.053038	0.464036	0.062872	0.522005	0.103597	0.587573	
324.155029	0.073661	0.365288	0.059089	0.407485	0.052412	0.454511	0.061314	0.512500	0.101531	0.574101	
325.755676	0.076154	0.378559	0.061498	0.422526	0.054456	0.474816	0.063150	0.532151	0.103295	0.595257	
327.356384	0.080279	0.394673	0.063896	0.437497	0.055654	0.488245	0.064920	0.548925	0.106625	0.618111	
328.957092	0.079297	0.390114	0.062734	0.431555	0.054781	0.479782	0.063043	0.539494	0.103584	0.606411	
330.557861	0.078602	0.385457	0.062145	0.426223	0.053887	0.476696	0.062023	0.534149	0.101417	0.600353	
332.158630	0.078898	0.385883	0.062565	0.427498	0.053640	0.476792	0.061551	0.535358	0.100673	0.601326	
333.759430	0.079503	0.387248	0.062505	0.428773	0.053439	0.478366	0.060883	0.536046	0.099506	0.601502	
335.360260	0.079986	0.388084	0.062581	0.430327	0.053494	0.479218	0.060354	0.537839	0.098431	0.602904	
336.961121	0.079797	0.388191	0.062415	0.430129	0.053159	0.479119	0.059906	0.537228	0.097475	0.601974	
338.562012	0.080342	0.389063	0.062730	0.430894	0.052973	0.479912	0.059146	0.538398	0.096744	0.602677	
340.162903	0.080502	0.390349	0.062929	0.432342	0.052528	0.481623	0.059038	0.538676	0.095805	0.604499	
341.763855	0.080861	0.392174	0.062761	0.433813	0.052657	0.483284	0.058392	0.540490	0.094871	0.605351	
343.364807	0.080768	0.393019	0.062879	0.434805	0.052482	0.483228	0.058018	0.541783	0.094124	0.607443	
344.965759	0.080849	0.394051	0.063087	0.435606	0.052269	0.484666	0.057278	0.542610	0.093187	0.607313	
346.566772	0.081361	0.394945	0.062721	0.436356	0.051900	0.485637	0.056785	0.543850	0.092231	0.609062	
348.167786	0.081452	0.395135	0.062753	0.436494	0.051694	0.484859	0.055743	0.543419	0.090886	0.608224	
349.768860	0.081422	0.395475	0.062961	0.438384	0.051416	0.485713	0.055583	0.543602	0.090205	0.608023	
351.369904	0.081807	0.396859	0.062998	0.439478	0.051251	0.488064	0.055043	0.544893	0.089383	0.610080	
352.971008	0.081786	0.398343	0.062938	0.440108	0.050942	0.489331	0.054375	0.546742	0.088413	0.611516	
354.572083	0.082220	0.398959	0.062930	0.440551	0.050576	0.489765	0.053901	0.547479	0.087405	0.611835	
356.173218	0.081925	0.399363	0.063013	0.441065	0.050444	0.490074	0.053080	0.547476	0.086479	0.612525	
357.774353	0.082436	0.399918	0.062702	0.442162	0.050097	0.491628	0.052768	0.549155	0.085847	0.613460	
359.375519	0.082362	0.400623	0.062531	0.442263	0.049925	0.491267	0.052164	0.549754	0.084669	0.614377	
360.976685	0.082672	0.402185	0.062878	0.443688	0.049449	0.492507	0.051532	0.550814	0.083871	0.615809	
362.577881	0.082773	0.402658	0.062611	0.445355	0.049326	0.493941	0.050897	0.551677	0.082974	0.616684	
364.179108	0.082995	0.403040	0.062466	0.446424	0.048729	0.494621	0.050184	0.552308	0.081554	0.617510	
365.780334	0.082680	0.402677	0.062098	0.445959	0.048408	0.494099	0.049547	0.552593	0.080778	0.616372	
367.381561	0.082743	0.403179	0.062024	0.445169	0.047958	0.494142	0.048819	0.552140	0.079289	0.616317	
368.982849	0.082663	0.403742	0.061675	0.447066	0.047576	0.495190	0.048012	0.552699	0.078654	0.617046	
370.584106	0.082415	0.403436	0.061505	0.446246	0.047010	0.494975	0.047449	0.552308	0.077614	0.615874	
372.185364	0.082071	0.402833	0.061471	0.444248	0.046606	0.493406	0.046939	0.549624	0.076366	0.613271	
373.786682	0.081927	0.401102	0.061076	0.442763	0.046516	0.490064	0.046467	0.547126	0.075576	0.611146	
375.388000	0.082071	0.400510	0.060959	0.442564	0.046066	0.490768	0.045910	0.547060	0.074915	0.610201	
376.989319	0.081528	0.401248	0.060693	0.442589	0.045955	0.490172	0.045419	0.547007	0.073885	0.610664	
378.590637	0.081894	0.400990	0.060579	0.441766	0.045564	0.490065	0.044787	0.547322	0.072966	0.608902	
380.191986	0.081731	0.400631	0.060386	0.442009	0.045306	0.490146	0.044324	0.547178	0.072339	0.609298	
381.793365	0.081317	0.401087	0.060491	0.442221	0.045036	0.490014	0.043707	0.546813	0.071537	0.609012	
383.394714	0.081435	0.400544	0.060163	0.441745	0.044783	0.489282	0.043362	0.546103	0.070659	0.608107	
384.996094	0.081636	0.400941	0.060110	0.442042	0.044369	0.490369	0.042721	0.546804	0.070033	0.609291	
386.597473	0.081214	0.400581	0.059916	0.441554	0.043944	0.489693	0.042307	0.545605	0.069259	0.609277	
388.198853	0.081174	0.400830	0.059661	0.442548	0.043577	0.489955	0.041743	0.545626	0.068536	0.608027	
389.800232	0.081036	0.400785	0.059079	0.442295	0.043287	0.489386	0.041242	0.544898	0.067491	0.608322	
391.401672	0.080895	0.400168	0.059213	0.441999	0.043061	0.490299	0.040838	0.545684	0.066878	0.608120	
393.003082	0.080756	0.399588	0.058751	0.441201	0.042758	0.488808	0.040323	0.544896	0.066108	0.607017	
394.604492	0.080515	0.398508	0.058614	0.440984	0.042434	0.488517	0.039940	0.544360	0.065497	0.606900	
396.205902	0.080496	0.399035	0.058393	0.441471	0.042131	0.488459	0.039351	0.544449	0.064761	0.606469	
397.807312	0.080517	0.399208	0.058341	0.440662	0.041974	0.487599	0.039013	0.543330	0.064126	0.605345	
399.408752	0.080044	0.399282	0.058331	0.440808	0.041690	0.487734	0.038751	0.543827	0.063825	0.605803	
401.010193	0.080227	0.398970	0.057794	0.440667	0.041577	0.487303	0.038340	0.543431	0.063288	0.605000	
402.611633	0.080060	0.398896	0.057969	0.439587	0.041395	0.487506	0.038102	0.542529	0.062584	0.604765	
404.213074	0.079791	0.397874	0.057440	0.439172	0.040963	0.487040	0.037552	0.541235	0.061805	0.604214	
405.814514	0.079718	0.398843	0.057573	0.439157	0.040802	0.488132	0.037258	0.541891	0.061440	0.604238	
407.415955	0.080026	0.399489	0.057563	0.440495	0.040695	0.488187	0.037000	0.542320	0.060959	0.605794	
409.017395	0.079806	0.399268	0.057375	0.440311	0.040411	0.487933	0.036578	0.542473	0.060445	0.604762	
410.618835	0.079626	0.398721	0.057208	0.439831	0.040107	0.487686	0.036255	0.542110	0.059925	0.603758	
412.220276	0.079372	0.397297	0.057023	0.439119	0.039969	0.486888	0.035959	0.541306	0.059447	0.602926	
413.821716	0.079520	0.398141	0.056944	0.439704	0.039742	0.487135	0.035696	0.541617	0.058982	0.604119	
415.423157	0.079244	0.399083	0.056881	0.440136	0.039767	0.487502	0.035422	0.541808	0.058300	0.603945	
417.024597	0.079558	0.399305	0.056995	0.441206	0.039482	0.488006	0.034926	0.542680	0.057854	0.604107	
418.626038	0.079463	0.399427	0.056756	0.440812	0.039195	0.487761	0.034664	0.541884	0.057403	0.604439	
420.227448	0.079409	0.399129	0.056752	0.440011	0.039024	0.487427	0.034395	0.541910	0.056990	0.603706	
421.828918	0.079288	0.399087	0.056566	0.440365	0.038905	0.487114	0.034003	0.541783	0.056578	0.602551	
423.430328	0.079584	0.399733	0.056635	0.440997	0.038951	0.488194	0.033876	0.542517	0.056238	0.604269	
425.031738	0.079440	0.399644	0.056429	0.440855	0.038780	0.488999	0.033801	0.544106	0.055717	0.605577	
426.633148	0.079571	0.400462	0.056372	0.441628	0.038552	0.489606	0.033336	0.545054	0.055198	0.605744	
428.234558	0.079618	0.401075	0.056483	0.441963	0.038362	0.488863	0.032886	0.543918	0.054562	0.605487	
429.835938	0.079625	0.400982	0.056279	0.441160	0.038074	0.488803	0.032558	0.543830	0.054061	0.605051	
431.437347	0.079801	0.401257	0.056317	0.441470	0.037969	0.490016	0.032458	0.544718	0.053706	0.605491	
433.038727	0.079629	0.401199	0.056460	0.442532	0.037931	0.489124	0.032348	0.544540	0.053416	0.606751	
434.640076	0.079558	0.400940	0.056152	0.441909	0.037919	0.489637	0.031912	0.544875	0.053051	0.605907	
436.241455	0.079679	0.400779	0.056477	0.442523	0.037746	0.489542	0.031747	0.544001	0.052439	0.605176	
437.842834	0.079600	0.401153	0.056212	0.443193	0.037561	0.489811	0.031299	0.543923	0.051972	0.605636	
439.444183	0.079679	0.401479	0.056317	0.443480	0.037403	0.489771	0.031048	0.544473	0.051438	0.605949	
441.045502	0.079970	0.402119	0.056182	0.443357	0.037302	0.490317	0.030745	0.544191	0.051138	0.605275	
442.646820	0.079950	0.402277	0.056152	0.443629	0.037088	0.490558	0.030487	0.545039	0.050541	0.606843	
444.248138	0.080096	0.402832	0.056152	0.444272	0.036979	0.491005	0.030248	0.545068	0.050254	0.606612	
445.849457	0.080033	0.402869	0.056024	0.443620	0.036993	0.491942	0.030002	0.545602	0.049811	0.606698	
447.450745	0.080233	0.402848	0.056203	0.444021	0.036891	0.491828	0.029792	0.544425	0.049466	0.606897	
449.052002	0.080233	0.402630	0.056126	0.444095	0.036701	0.491540	0.029453	0.545140	0.048889	0.606012	
450.653259	0.079953	0.401929	0.055925	0.443983	0.036500	0.490330	0.029204	0.544619	0.048282	0.605382	
452.254547	0.080088	0.402813	0.055866	0.443870	0.036319	0.491132	0.028857	0.545506	0.047854	0.606338	
453.855774	0.080372	0.403822	0.055873	0.444254	0.036171	0.491785	0.028603	0.544864	0.047413	0.606308	
455.456970	0.080452	0.404409	0.055826	0.444755	0.036079	0.491982	0.028250	0.545477	0.046950	0.607067	
457.058197	0.080473	0.403681	0.055866	0.444569	0.035914	0.491920	0.028025	0.545645	0.046432	0.606497	
458.659363	0.080499	0.404059	0.055933	0.445611	0.035808	0.491791	0.027799	0.545887	0.045969	0.606637	
460.260559	0.080569	0.404075	0.055910	0.445508	0.035760	0.492968	0.027646	0.546415	0.045661	0.607273	
461.861664	0.080433	0.403894	0.055654	0.444952	0.035634	0.492275	0.027292	0.545339	0.045078	0.606379	
463.462830	0.080307	0.403426	0.055897	0.445211	0.035438	0.492592	0.027080	0.546058	0.044671	0.606572	
465.063904	0.080481	0.404489	0.055587	0.445405	0.035280	0.492420	0.026819	0.546726	0.044265	0.607562	
466.665039	0.080635	0.405789	0.055643	0.446461	0.035175	0.493660	0.026545	0.547575	0.043986	0.609135	
468.266113	0.080776	0.406380	0.055747	0.447200	0.034989	0.494175	0.026135	0.547922	0.043307	0.609021	
469.867126	0.080708	0.406132	0.055687	0.447420	0.034832	0.493680	0.025867	0.546931	0.043006	0.608859	
471.468170	0.080545	0.405453	0.055557	0.446923	0.034608	0.492848	0.025602	0.546887	0.042440	0.607694	
473.069183	0.080521	0.405807	0.055588	0.447348	0.034557	0.493178	0.025405	0.547756	0.042090	0.608556	
474.670166	0.080614	0.404942	0.055538	0.446824	0.034381	0.492820	0.025103	0.547503	0.041680	0.608113	
476.271149	0.080751	0.405347	0.055237	0.445982	0.034335	0.492959	0.024810	0.546426	0.041273	0.607738	
477.872070	0.080823	0.405668	0.055142	0.446337	0.034174	0.494191	0.024536	0.545603	0.040771	0.607391	
479.472992	0.080775	0.406547	0.055349	0.447693	0.033956	0.494258	0.024277	0.547179	0.040331	0.607519	
481.073883	0.080666	0.406983	0.055207	0.448252	0.033854	0.494543	0.023940	0.547968	0.039874	0.608328	
482.674744	0.080534	0.406196	0.055011	0.447598	0.033573	0.493631	0.023710	0.546744	0.039494	0.607528	
484.275574	0.080182	0.404558	0.054755	0.445790	0.033360	0.491979	0.023334	0.545469	0.038978	0.605946	
485.876404	0.080189	0.405074	0.054633	0.446311	0.033199	0.493063	0.023085	0.546517	0.038558	0.608115	
487.477203	0.080248	0.405620	0.054792	0.447172	0.033118	0.494292	0.022910	0.547568	0.038300	0.608488	
489.077942	0.080705	0.407456	0.054855	0.448855	0.033081	0.495748	0.022772	0.549594	0.038037	0.610988	
490.678650	0.080496	0.407085	0.054717	0.448520	0.032958	0.496400	0.022530	0.549545	0.037750	0.610761	
492.279388	0.080303	0.406160	0.054307	0.447072	0.032643	0.494610	0.022111	0.547659	0.037159	0.609208	
493.880035	0.080078	0.405971	0.054149	0.446364	0.032344	0.493575	0.021834	0.547131	0.036872	0.607915	
495.480713	0.079837	0.405274	0.054031	0.445782	0.032179	0.492979	0.021560	0.546792	0.036340	0.607694	
497.081299	0.079725	0.404869	0.053729	0.445482	0.031949	0.492235	0.021255	0.545806	0.035913	0.606941	
498.681885	0.080031	0.406780	0.053884	0.446841	0.031815	0.493851	0.021035	0.547011	0.035610	0.608063	
500.282410	0.079850	0.406359	0.053724	0.447091	0.031673	0.493665	0.020781	0.547346	0.035245	0.608611	
501.882965	0.079781	0.405530	0.053606	0.447319	0.031444	0.493712	0.020581	0.548587	0.034883	0.608758	
503.483459	0.079415	0.405238	0.053516	0.447379	0.031212	0.493307	0.020371	0.547882	0.034566	0.608785	
505.083893	0.079200	0.404533	0.053232	0.446788	0.031094	0.492005	0.020034	0.546115	0.034145	0.607100	
506.684326	0.079303	0.405239	0.053544	0.447982	0.030993	0.493671	0.019835	0.547549	0.033928	0.608900	
508.284729	0.079244	0.404994	0.053123	0.447598	0.030761	0.493892	0.019596	0.547437	0.033671	0.608329	
509.885071	0.078808	0.404876	0.052896	0.446349	0.030607	0.493384	0.019332	0.546337	0.033297	0.607167	
511.485352	0.078936	0.405439	0.052961	0.447452	0.030417	0.493445	0.019054	0.546246	0.032948	0.606763	
513.085632	0.079597	0.409557	0.053097	0.450791	0.030378	0.496745	0.018995	0.551239	0.032808	0.611380	
514.685913	0.081650	0.420137	0.054449	0.463204	0.031040	0.510470	0.019270	0.566074	0.033475	0.628601	
516.286072	0.081929	0.422389	0.054740	0.466443	0.031111	0.515744	0.019148	0.570380	0.033382	0.634500	
517.886292	0.080699	0.416803	0.053829	0.459902	0.030616	0.509333	0.018736	0.563811	0.032755	0.626911	
519.486450	0.074231	0.383372	0.049456	0.423468	0.028027	0.466996	0.016985	0.517544	0.029816	0.575167	
521.086487	0.075693	0.391957	0.050343	0.432271	0.028352	0.475841	0.017150	0.527486	0.030109	0.586116	
522.686584	0.077752	0.402705	0.051550	0.444249	0.028863	0.488721	0.017401	0.541886	0.030790	0.602705	
524.286560	0.077903	0.403626	0.051582	0.444747	0.028769	0.489467	0.017300	0.544138	0.030685	0.605819	
525.886536	0.078253	0.407154	0.051770	0.448098	0.029006	0.494903	0.017252	0.548515	0.030711	0.610568	
527.486450	0.077644	0.404446	0.051365	0.445591	0.028783	0.493082	0.016994	0.545197	0.030305	0.607605	
529.086365	0.077650	0.405006	0.051341	0.446524	0.028661	0.493193	0.016809	0.546139	0.030057	0.607251	
530.686218	0.077730	0.405605	0.051374	0.447448	0.028498	0.493907	0.016633	0.547209	0.029872	0.608751	
532.286011	0.077402	0.404026	0.050974	0.445105	0.028287	0.491840	0.016408	0.544614	0.029499	0.606351	
533.885803	0.077399	0.404532	0.051147	0.446906	0.028258	0.493531	0.016274	0.545559	0.029443	0.608578	
535.485474	0.077540	0.405468	0.051043	0.447793	0.028112	0.494223	0.016129	0.547352	0.029254	0.610514	
537.085144	0.076927	0.403142	0.050655	0.444948	0.027822	0.490812	0.015917	0.544030	0.028821	0.606024	
538.684814	0.076996	0.403175	0.050539	0.444338	0.027729	0.489729	0.015688	0.542737	0.028546	0.605513	
540.284363	0.077130	0.404437	0.050654	0.445284	0.027760	0.492221	0.015556	0.544728	0.028531	0.608058	
541.883911	0.077161	0.405137	0.050662	0.445712	0.027640	0.492770	0.015487	0.546074	0.028365	0.609558	
543.483398	0.077402	0.406095	0.050703	0.446994	0.027675	0.494150	0.015387	0.548401	0.028150	0.610544	
545.082886	0.077131	0.405026	0.050693	0.446443	0.027590	0.493519	0.015209	0.547570	0.027855	0.608639	
546.682251	0.077173	0.405293	0.050601	0.447052	0.027454	0.493503	0.015001	0.546286	0.027500	0.607860	
548.281616	0.077423	0.406448	0.050570	0.447053	0.027304	0.493429	0.014856	0.545932	0.027314	0.608950	
549.880920	0.077475	0.406707	0.050690	0.447972	0.027263	0.494126	0.014686	0.547376	0.027063	0.611209	
551.480164	0.077061	0.404878	0.050327	0.446038	0.027092	0.492048	0.014458	0.546132	0.026596	0.607931	
553.079346	0.077098	0.404829	0.050295	0.445779	0.026980	0.492097	0.014227	0.545768	0.026260	0.606629	
554.678528	0.077069	0.405606	0.050327	0.446430	0.026896	0.492768	0.014069	0.546343	0.025906	0.607342	
556.277649	0.077341	0.406274	0.050235	0.446808	0.026843	0.493833	0.013833	0.546679	0.025667	0.608872	
557.876648	0.077206	0.405496	0.050051	0.445292	0.026638	0.492676	0.013583	0.545454	0.025302	0.608546	
559.475647	0.077366	0.407033	0.050127	0.446695	0.026571	0.494150	0.013449	0.547502	0.025046	0.610366	
561.074585	0.077635	0.408140	0.050285	0.449019	0.026533	0.495983	0.013226	0.550324	0.024789	0.611931	
562.673462	0.077548	0.407699	0.050219	0.448977	0.026295	0.495834	0.012972	0.549580	0.024417	0.611895	
564.272339	0.077407	0.408134	0.050006	0.448464	0.026160	0.495803	0.012712	0.549819	0.024052	0.612178	
565.871094	0.077249	0.407732	0.049894	0.448381	0.025983	0.494664	0.012433	0.548535	0.023633	0.609961	
567.469849	0.076918	0.406400	0.049643	0.447391	0.025649	0.493916	0.012122	0.547404	0.023253	0.609699	
569.068481	0.076982	0.407087	0.049557	0.447786	0.025417	0.493864	0.011862	0.548784	0.022991	0.611342	
570.667114	0.076850	0.407609	0.049280	0.447385	0.025209	0.493764	0.011561	0.548674	0.022647	0.610679	
572.265686	0.076733	0.407827	0.049053	0.448104	0.024964	0.495538	0.011221	0.548235	0.022302	0.610156	
573.864136	0.076343	0.406923	0.048848	0.448436	0.024739	0.496359	0.010960	0.549945	0.021984	0.610403	
575.462646	0.075618	0.403982	0.048289	0.445448	0.024218	0.492100	0.010555	0.545053	0.021459	0.605822	
577.060974	0.075409	0.404687	0.048038	0.446208	0.023995	0.493312	0.010227	0.544945	0.021220	0.607197	
578.659302	0.075262	0.405249	0.047619	0.445568	0.023696	0.493485	0.009934	0.545070	0.021021	0.608981	
580.257629	0.074866	0.404812	0.047430	0.446327	0.023227	0.491956	0.009625	0.545783	0.020838	0.610339	
581.855835	0.074217	0.402996	0.047098	0.445961	0.022793	0.490575	0.009333	0.545840	0.020568	0.609975	
583.453979	0.074014	0.404387	0.046833	0.447339	0.022546	0.491543	0.009065	0.547553	0.020442	0.611080	
585.052063	0.073700	0.403985	0.046288	0.446442	0.022130	0.491833	0.008755	0.547655	0.020270	0.610868	
586.650024	0.073010	0.403095	0.045727	0.444959	0.021697	0.490441	0.008455	0.547505	0.020137	0.609549	
588.248047	0.072043	0.399969	0.044964	0.441558	0.021133	0.486884	0.008069	0.542059	0.019919	0.607018	
589.845947	0.071367	0.398748	0.044200	0.439613	0.020679	0.485579	0.007769	0.540293	0.019743	0.605611	
591.443726	0.070995	0.398912	0.043779	0.439395	0.020213	0.485494	0.007509	0.541200	0.019816	0.606956	
593.041565	0.070183	0.397639	0.043035	0.437614	0.019718	0.483439	0.007216	0.538899	0.019755	0.605131	
594.639282	0.069430	0.395770	0.042522	0.436306	0.019292	0.482307	0.006932	0.536951	0.019668	0.602937	
596.236877	0.068668	0.393569	0.041741	0.434131	0.018778	0.480608	0.006685	0.535801	0.019667	0.601743	
597.834473	0.068073	0.393481	0.041215	0.433070	0.018398	0.480252	0.006433	0.534962	0.019744	0.601505	
599.432007	0.067371	0.392206	0.040534	0.431640	0.017883	0.479913	0.006195	0.533960	0.019789	0.601331	
601.029419	0.066051	0.388734	0.039708	0.428660	0.017386	0.476473	0.005975	0.531237	0.019806	0.597311	
602.626770	0.065289	0.387921	0.039107	0.427559	0.016925	0.474198	0.005767	0.529457	0.019974	0.596071	
604.224060	0.064458	0.386060	0.038439	0.426055	0.016464	0.472370	0.005581	0.528913	0.020111	0.596436	
605.821350	0.063499	0.383582	0.037749	0.424549	0.016004	0.471271	0.005411	0.527768	0.020384	0.595310	
607.418518	0.062668	0.381913	0.037080	0.422738	0.015538	0.470561	0.005253	0.525710	0.020607	0.594211	
609.015564	0.062058	0.381556	0.036354	0.420818	0.015063	0.468680	0.005121	0.524857	0.020860	0.593064	
610.612671	0.061087	0.379156	0.035690	0.418791	0.014663	0.467017	0.005004	0.523240	0.021165	0.591783	
612.209595	0.059953	0.376887	0.034839	0.416493	0.014190	0.464912	0.004896	0.521385	0.021422	0.590503	
613.806519	0.059081	0.375282	0.034153	0.414590	0.013741	0.462216	0.004808	0.519782	0.021729	0.587285	
615.403259	0.058376	0.373843	0.033491	0.412995	0.013339	0.460410	0.004715	0.516332	0.022053	0.584979	
617.000061	0.057406	0.371764	0.032886	0.412006	0.012984	0.459178	0.004671	0.514580	0.022457	0.583760	
618.596741	0.056971	0.373297	0.032536	0.414476	0.012710	0.461024	0.004690	0.518386	0.023102	0.588394	
620.193298	0.055883	0.370102	0.031724	0.409392	0.012219	0.456067	0.004624	0.513194	0.023550	0.584202	
621.789856	0.054114	0.362198	0.030442	0.401104	0.011652	0.448045	0.004589	0.506330	0.023691	0.575558	
623.386292	0.053639	0.363036	0.029999	0.402129	0.011424	0.451047	0.004653	0.510141	0.024404	0.579315	
624.982666	0.052676	0.361001	0.029469	0.401467	0.011137	0.450748	0.004703	0.508618	0.025006	0.579419	
626.578979	0.051495	0.356365	0.028727	0.396677	0.010696	0.445000	0.004742	0.503425	0.025370	0.573306	
628.175171	0.050775	0.356453	0.028107	0.396116	0.010389	0.444503	0.004841	0.501459	0.025967	0.572644	
629.771362	0.050057	0.354704	0.027563	0.394471	0.010099	0.441933	0.004942	0.498774	0.026620	0.572578	
631.367371	0.049083	0.352184	0.026878	0.392069	0.009849	0.441232	0.005096	0.498319	0.027419	0.572067	
632.963379	0.047951	0.348635	0.026223	0.390289	0.009592	0.439355	0.005259	0.496283	0.028153	0.570720	
634.559265	0.046778	0.344482	0.025478	0.385914	0.009295	0.435265	0.005410	0.491686	0.028656	0.565837	
636.155151	0.045964	0.343114	0.025038	0.385416	0.009090	0.434427	0.005670	0.491641	0.029483	0.566030	
637.750854	0.045165	0.341088	0.024530	0.383884	0.008924	0.432888	0.005916	0.490127	0.030372	0.565099	
639.346558	0.044473	0.339579	0.024013	0.381966	0.008741	0.431446	0.006198	0.488694	0.031211	0.563429	
640.942139	0.043591	0.336735	0.023456	0.379777	0.008598	0.428976	0.006518	0.487799	0.032072	0.562256	
642.537659	0.042687	0.334566	0.022882	0.376618	0.008454	0.426077	0.006885	0.487213	0.033022	0.560503	
644.133057	0.041869	0.332119	0.022351	0.373562	0.008389	0.423336	0.007275	0.484075	0.033916	0.557633	
645.728394	0.041006	0.329301	0.021981	0.371085	0.008340	0.420534	0.007722	0.482184	0.034946	0.556538	
647.323669	0.040191	0.326075	0.021496	0.367440	0.008295	0.416896	0.008173	0.478359	0.035979	0.553728	
648.918823	0.039587	0.324685	0.021203	0.366913	0.008369	0.416152	0.008705	0.478031	0.037317	0.555171	
650.513977	0.038833	0.320885	0.020796	0.363241	0.008453	0.411727	0.009258	0.473621	0.038213	0.550959	
652.109009	0.038041	0.317286	0.020470	0.359795	0.008635	0.408438	0.009844	0.470314	0.039084	0.546028	
653.703918	0.037443	0.314955	0.020342	0.358136	0.008886	0.407115	0.010567	0.468527	0.040544	0.545514	
655.298706	0.036460	0.308527	0.019974	0.349863	0.009046	0.398757	0.011212	0.460255	0.041274	0.537993	
656.893433	0.036191	0.307516	0.019908	0.347230	0.009440	0.397811	0.011938	0.459326	0.042523	0.538070	
658.488159	0.036872	0.313202	0.020487	0.355941	0.010076	0.407086	0.012892	0.469600	0.044690	0.549696	
660.082703	0.036693	0.311231	0.020766	0.354904	0.010568	0.406327	0.013769	0.468883	0.046091	0.550307	
661.677185	0.036106	0.304350	0.020753	0.347211	0.011140	0.399043	0.014683	0.460600	0.046902	0.540215	
663.271606	0.036472	0.305093	0.021483	0.349263	0.012060	0.400684	0.016052	0.465134	0.048808	0.542573	
664.865906	0.036608	0.302190	0.021996	0.346037	0.012861	0.397355	0.017108	0.461791	0.049952	0.539836	
666.460144	0.037140	0.301901	0.022750	0.346621	0.013871	0.398464	0.018307	0.463187	0.051408	0.539773	
668.054321	0.037910	0.303288	0.023630	0.347237	0.015020	0.399203	0.019614	0.464494	0.052914	0.541002	
669.648315	0.038552	0.301559	0.024534	0.345351	0.016111	0.397866	0.020765	0.462406	0.053971	0.538737	
671.242310	0.039967	0.304593	0.025990	0.348875	0.017578	0.401643	0.022290	0.466538	0.055825	0.544475	
672.836121	0.041310	0.306206	0.027509	0.350822	0.019045	0.403823	0.023690	0.468245	0.057146	0.546251	
674.429871	0.042470	0.305408	0.028958	0.350753	0.020530	0.403946	0.024950	0.467181	0.058045	0.543644	
676.023560	0.044325	0.308825	0.030716	0.353570	0.022296	0.408658	0.026509	0.470450	0.059564	0.548486	
677.617126	0.046403	0.311819	0.032723	0.356957	0.024019	0.411788	0.028009	0.473061	0.060769	0.551557	
679.210571	0.048463	0.314946	0.034954	0.362044	0.026006	0.416565	0.029689	0.478930	0.061961	0.556034	
680.804016	0.050656	0.317148	0.037070	0.365529	0.027938	0.419809	0.031116	0.482588	0.063066	0.559476	
682.397339	0.053486	0.323341	0.039645	0.371913	0.030063	0.425618	0.032766	0.488374	0.064220	0.566267	
683.990479	0.056624	0.330233	0.042369	0.378180	0.032343	0.432215	0.034512	0.495027	0.065100	0.571136	
685.583618	0.059755	0.336164	0.045308	0.384999	0.034690	0.439073	0.036168	0.501832	0.065781	0.575875	
687.176636	0.063243	0.343097	0.048587	0.394030	0.037184	0.447660	0.037825	0.508777	0.066659	0.583022	
688.769470	0.066380	0.348115	0.051307	0.399231	0.039486	0.453053	0.039279	0.514143	0.066991	0.585715	
690.362305	0.070173	0.355712	0.054363	0.405528	0.041952	0.460514	0.040829	0.520701	0.067206	0.590167	
691.955017	0.074380	0.366298	0.057925	0.415825	0.044723	0.470307	0.042587	0.530629	0.067974	0.599253	
693.547607	0.078660	0.374660	0.061138	0.422762	0.046879	0.474769	0.044079	0.537567	0.068190	0.604809	
695.140137	0.081633	0.378715	0.063682	0.425009	0.048830	0.477249	0.044915	0.538304	0.067659	0.604766	
696.732544	0.086201	0.388846	0.067782	0.437325	0.051722	0.487389	0.046556	0.547907	0.068268	0.615790	
698.324829	0.090380	0.397099	0.071349	0.445791	0.054252	0.495637	0.047889	0.554992	0.067928	0.621307	
699.917053	0.094889	0.406118	0.075103	0.455518	0.056932	0.505260	0.049231	0.563020	0.067808	0.627082	
701.509155	0.099471	0.416204	0.078706	0.463915	0.059625	0.513859	0.050390	0.569005	0.067576	0.634336	
703.101196	0.104848	0.428342	0.082857	0.475649	0.062547	0.525675	0.051853	0.579518	0.067595	0.644654	
704.693054	0.108386	0.433139	0.085941	0.480838	0.064392	0.528347	0.052660	0.583314	0.066571	0.646897	
706.284851	0.113036	0.442827	0.089459	0.489583	0.066950	0.537413	0.053864	0.591793	0.065984	0.653614	
707.876587	0.117707	0.453135	0.093506	0.500237	0.069898	0.548902	0.055192	0.601878	0.065406	0.660562	
709.468140	0.121942	0.461072	0.097087	0.509142	0.072058	0.555662	0.056061	0.607977	0.064758	0.667711	
711.059631	0.126517	0.469318	0.100046	0.514794	0.074203	0.562363	0.056846	0.613972	0.063912	0.674800	
712.651001	0.129855	0.474357	0.102714	0.519293	0.076285	0.567443	0.057094	0.615113	0.062383	0.675030	
714.242249	0.134196	0.482377	0.106140	0.527127	0.078529	0.575630	0.057739	0.620525	0.061205	0.679551	
715.833374	0.138061	0.489092	0.108922	0.531858	0.080133	0.579798	0.058163	0.624638	0.059729	0.681724	
717.424438	0.142380	0.497418	0.112192	0.539870	0.082275	0.586238	0.058948	0.632491	0.058850	0.690795	
719.015442	0.146197	0.504439	0.115323	0.548120	0.084273	0.593125	0.059631	0.640377	0.057441	0.695313	
720.606262	0.149417	0.509155	0.117272	0.549312	0.085206	0.594362	0.059743	0.642308	0.055582	0.694245	
722.196960	0.151640	0.510666	0.118866	0.550917	0.086047	0.593082	0.059477	0.641652	0.053584	0.691104	
723.787598	0.158095	0.527827	0.124307	0.568215	0.088975	0.608570	0.060743	0.657221	0.053231	0.708063	
725.378052	0.164316	0.543879	0.128486	0.583075	0.092080	0.624288	0.061920	0.671241	0.052646	0.722650	
726.968445	0.159623	0.522946	0.124831	0.560407	0.089404	0.600819	0.059258	0.644529	0.048918	0.693208	
728.558716	0.167283	0.543256	0.130512	0.580734	0.093100	0.621730	0.060965	0.666245	0.048816	0.716564	
730.148926	0.166731	0.537042	0.130920	0.577242	0.092566	0.613881	0.059666	0.655965	0.046283	0.706898	
731.738953	0.170509	0.544751	0.134328	0.588006	0.094311	0.622018	0.060099	0.664427	0.044957	0.715139	
733.328918	0.174624	0.553483	0.136341	0.591748	0.095676	0.627610	0.059960	0.667623	0.043244	0.716506	
734.918762	0.176961	0.557143	0.138041	0.594874	0.097086	0.633329	0.059963	0.671805	0.041806	0.721600	
736.508423	0.179395	0.561340	0.139731	0.598481	0.097445	0.634245	0.059759	0.674972	0.040179	0.724450	
738.098022	0.181399	0.564662	0.141496	0.602585	0.098543	0.637677	0.059478	0.676661	0.038635	0.726498	
739.687561	0.182400	0.564343	0.142136	0.602051	0.098770	0.638311	0.059019	0.676477	0.036851	0.725499	
741.276917	0.185391	0.570999	0.143865	0.605916	0.099373	0.640907	0.059083	0.682717	0.035391	0.728779	
742.866150	0.187369	0.574674	0.145362	0.610305	0.100331	0.644795	0.058711	0.685425	0.033909	0.730604	
744.455322	0.189048	0.577006	0.146933	0.612821	0.101268	0.650489	0.058609	0.688550	0.032518	0.734703	
746.044312	0.191325	0.581466	0.147522	0.614528	0.101731	0.652513	0.058317	0.692392	0.031123	0.738781	
747.633179	0.191414	0.580088	0.146916	0.610309	0.101366	0.649516	0.057387	0.687410	0.029329	0.730876	
749.221985	0.192572	0.581831	0.148181	0.613582	0.101551	0.650702	0.056732	0.685051	0.027897	0.730810	
750.810669	0.193643	0.583201	0.149122	0.616622	0.101828	0.653193	0.056257	0.687711	0.026433	0.731371	
752.399170	0.194848	0.584680	0.149782	0.617849	0.101781	0.652995	0.055929	0.689456	0.025125	0.733152	
753.987610	0.197783	0.592454	0.152018	0.626641	0.102699	0.659569	0.055984	0.698087	0.024126	0.744383	
755.575867	0.198160	0.592278	0.151952	0.624596	0.102449	0.658342	0.055113	0.694441	0.022859	0.745151	
757.164063	0.198725	0.593217	0.152437	0.625719	0.102325	0.657943	0.054857	0.697701	0.021662	0.747854	
758.752136	0.199108	0.593675	0.153368	0.629774	0.102303	0.659046	0.054481	0.699296	0.020398	0.744893	
760.340027	0.199732	0.594470	0.153021	0.627282	0.102151	0.660167	0.053736	0.698686	0.019177	0.743288	
761.927856	0.200373	0.595242	0.153043	0.627546	0.102258	0.661296	0.053064	0.695908	0.018101	0.744302	
763.515503	0.200369	0.595540	0.152769	0.627268	0.102108	0.662128	0.052414	0.695480	0.017052	0.745802	
765.103149	0.200271	0.594655	0.153402	0.629187	0.102148	0.663885	0.052089	0.699074	0.015983	0.744824	
766.690552	0.200167	0.593910	0.153076	0.628360	0.101654	0.661999	0.051599	0.699938	0.014966	0.745978	
768.277832	0.200737	0.594910	0.153276	0.629634	0.101706	0.663573	0.051120	0.700642	0.014138	0.751475	
769.865051	0.201239	0.596727	0.153196	0.628836	0.101374	0.663921	0.050529	0.700486	0.013133	0.748551	
771.452026	0.201281	0.596623	0.153421	0.631310	0.100748	0.661720	0.049991	0.700842	0.012353	0.748920	
773.039001	0.201742	0.597395	0.153510	0.632785	0.100071	0.660272	0.049531	0.701422	0.011531	0.750241	
774.625793	0.202367	0.600397	0.153645	0.633011	0.100059	0.662888	0.049025	0.702685	0.010789	0.752345	
776.212463	0.203366	0.602956	0.153362	0.634012	0.100239	0.664407	0.048329	0.701524	0.010067	0.750671	
777.799011	0.202533	0.601059	0.152910	0.632302	0.099190	0.660642	0.047840	0.701011	0.009373	0.747939	
779.385376	0.202570	0.601324	0.152447	0.632821	0.099048	0.662385	0.047650	0.704232	0.008780	0.752132	
780.971680	0.202052	0.601316	0.152485	0.632692	0.098749	0.662953	0.047219	0.705417	0.008136	0.749659	
782.557861	0.202715	0.603745	0.152281	0.634001	0.098280	0.664038	0.046590	0.705107	0.007651	0.750193	
784.143860	0.203109	0.605391	0.152858	0.636972	0.098437	0.667097	0.046317	0.706944	0.007146	0.753927	
785.729736	0.202237	0.603732	0.151626	0.633514	0.097886	0.667215	0.045776	0.707650	0.006731	0.752765	
787.315491	0.201019	0.601266	0.150641	0.630746	0.097016	0.664524	0.045071	0.703805	0.006239	0.753686	
788.901123	0.202075	0.604824	0.150805	0.633750	0.097444	0.671387	0.044791	0.707998	0.005914	0.753487	
790.486633	0.201437	0.604321	0.149649	0.631123	0.096726	0.669615	0.044207	0.704543	0.005560	0.750909	
792.071960	0.200279	0.601941	0.148645	0.627551	0.095297	0.662106	0.043499	0.701923	0.005237	0.745723	
793.657166	0.199251	0.599520	0.147529	0.625465	0.094766	0.662358	0.043030	0.700664	0.004933	0.742853	
795.242249	0.198764	0.599889	0.147182	0.625759	0.094466	0.663642	0.042605	0.699756	0.004724	0.743009	
796.827209	0.198257	0.599707	0.146715	0.626076	0.093908	0.662700	0.042307	0.703159	0.004549	0.745562	
798.411987	0.197990	0.600021	0.147046	0.628801	0.093399	0.663081	0.041767	0.702068	0.004424	0.746413	
799.996704	0.197342	0.599427	0.146126	0.627802	0.092609	0.661140	0.041313	0.699985	0.004348	0.746540	
801.581177	0.195904	0.596566	0.145923	0.628350	0.091938	0.659779	0.040861	0.699837	0.004278	0.746793	
803.165649	0.195489	0.595516	0.144702	0.626315	0.091230	0.658834	0.040591	0.701235	0.004249	0.747781	
804.749878	0.194621	0.595852	0.143323	0.623042	0.090673	0.658255	0.040158	0.699028	0.004241	0.749538	
806.333984	0.194272	0.596055	0.143031	0.624767	0.090417	0.660763	0.039724	0.698673	0.004325	0.748802	
807.917969	0.194525	0.598922	0.142761	0.626172	0.090211	0.664045	0.039378	0.699705	0.004378	0.750588	
809.501831	0.193574	0.597163	0.143211	0.629817	0.089559	0.662515	0.039140	0.698090	0.004552	0.752247	
811.085510	0.192655	0.596184	0.142064	0.627904	0.088524	0.659699	0.038966	0.699937	0.004708	0.752870	
812.669067	0.190232	0.589777	0.140203	0.622363	0.087426	0.655095	0.038247	0.694872	0.004792	0.744478	
814.252502	0.188743	0.588806	0.139393	0.621568	0.086915	0.655868	0.037917	0.695883	0.005003	0.743011	
815.835754	0.189648	0.592624	0.138900	0.622358	0.086233	0.656041	0.037691	0.696489	0.005249	0.745853	
817.418884	0.189112	0.593454	0.138023	0.622058	0.085571	0.654109	0.037339	0.697474	0.005510	0.747626	
819.001831	0.187687	0.591670	0.137222	0.621544	0.084928	0.653557	0.037112	0.697394	0.005810	0.748641	
820.584656	0.187837	0.593417	0.137091	0.623706	0.084960	0.658907	0.037225	0.702053	0.006128	0.748504	
822.167358	0.185843	0.589905	0.135709	0.619641	0.084020	0.655103	0.036536	0.696049	0.006461	0.743448	
823.750000	0.184094	0.585228	0.133400	0.613767	0.082778	0.650464	0.036078	0.690293	0.006835	0.742465	
825.332336	0.182205	0.582220	0.132745	0.612622	0.082282	0.650179	0.035816	0.691306	0.007203	0.742563	
826.914673	0.181259	0.580680	0.131889	0.612586	0.081472	0.649221	0.035586	0.690173	0.007653	0.742655	
828.496704	0.179568	0.578559	0.130897	0.610371	0.080337	0.644576	0.035208	0.688399	0.008158	0.742068	
830.078735	0.179192	0.580204	0.130486	0.612131	0.079819	0.646205	0.035057	0.687945	0.008620	0.740860	
831.660522	0.177910	0.577781	0.129894	0.613016	0.079412	0.646087	0.034686	0.685512	0.009019	0.735327	
833.242188	0.176589	0.575572	0.127608	0.605760	0.078457	0.642077	0.034458	0.682749	0.009545	0.733938	
834.823730	0.176594	0.578575	0.127744	0.610459	0.078057	0.644281	0.034409	0.687984	0.010225	0.743813	
836.405090	0.175203	0.576298	0.126360	0.606439	0.077144	0.640696	0.034103	0.684726	0.010720	0.738552	
837.986206	0.173909	0.573858	0.124510	0.601969	0.076113	0.637198	0.033741	0.680040	0.011241	0.733214	
839.567261	0.171935	0.570591	0.122937	0.597777	0.075432	0.636394	0.033395	0.675837	0.011843	0.731734	
841.148254	0.169944	0.565976	0.121048	0.592269	0.074512	0.632347	0.033065	0.672724	0.012398	0.728135	
842.729004	0.169547	0.568033	0.120032	0.591203	0.074141	0.633466	0.032975	0.673405	0.013010	0.727919	
844.309570	0.169179	0.568790	0.120118	0.594885	0.073602	0.634010	0.032876	0.673347	0.013711	0.729080	
845.890015	0.166890	0.564386	0.118434	0.589686	0.072625	0.629577	0.032612	0.671263	0.014397	0.729370	
847.470398	0.164155	0.557139	0.117075	0.587502	0.071763	0.628764	0.032381	0.667758	0.015010	0.724871	
849.050476	0.163203	0.557098	0.116538	0.586939	0.071143	0.627606	0.032356	0.669091	0.015736	0.723903	
850.630493	0.162232	0.557846	0.116152	0.588145	0.070508	0.626697	0.032193	0.666601	0.016492	0.723991	
852.210327	0.161024	0.554973	0.114384	0.584389	0.069631	0.623449	0.032099	0.667058	0.017147	0.721361	
853.790039	0.159456	0.553664	0.112842	0.580742	0.068647	0.619617	0.031944	0.663934	0.017967	0.722478	
855.369507	0.159408	0.555982	0.112479	0.581912	0.068171	0.619690	0.032145	0.667627	0.018824	0.728219	
856.948914	0.158814	0.555987	0.111976	0.585174	0.067527	0.618723	0.031954	0.667210	0.019735	0.731471	
858.528137	0.156794	0.551160	0.110529	0.580121	0.066201	0.611049	0.031440	0.657426	0.020451	0.726243	
860.107239	0.154906	0.547996	0.109071	0.576046	0.065457	0.609370	0.031444	0.655159	0.021108	0.720175	
861.686035	0.154305	0.548729	0.108366	0.577164	0.065474	0.613619	0.031564	0.660516	0.021976	0.722134	
863.264832	0.153005	0.546912	0.107594	0.577410	0.064913	0.612357	0.031514	0.657920	0.022906	0.724018	
864.843384	0.149984	0.539936	0.105688	0.571138	0.063687	0.605259	0.031361	0.654420	0.023519	0.716555	
866.421753	0.149407	0.541597	0.105614	0.574567	0.063231	0.607263	0.031499	0.656366	0.024517	0.719751	
868.000000	0.148106	0.537991	0.104519	0.572872	0.062529	0.605138	0.031436	0.653204	0.025496	0.720925	
869.578125	0.147112	0.538138	0.103552	0.571246	0.062329	0.607985	0.031509	0.655231	0.026222	0.718428	
871.156067	0.145791	0.535483	0.101905	0.567141	0.061423	0.604851	0.031368	0.650832	0.027023	0.712786	
872.733765	0.143463	0.531363	0.099834	0.558264	0.060044	0.595530	0.031309	0.648320	0.027695	0.705881	
874.311401	0.141713	0.528259	0.098413	0.554368	0.059685	0.594943	0.031307	0.645431	0.028591	0.703175	
875.888855	0.140521	0.525483	0.097634	0.554300	0.059218	0.595370	0.031240	0.643247	0.029462	0.703948	
877.466125	0.139111	0.524533	0.097183	0.556001	0.059081	0.597949	0.031356	0.646104	0.030476	0.706688	
879.043274	0.135615	0.514185	0.095128	0.547743	0.057649	0.587122	0.031184	0.638026	0.031050	0.698421	
880.620239	0.134331	0.512674	0.093948	0.545537	0.057165	0.586983	0.031100	0.636801	0.031984	0.697434	
882.196960	0.134204	0.515152	0.093634	0.547702	0.056939	0.589746	0.031375	0.640336	0.033066	0.701180	
883.773560	0.132668	0.512127	0.092500	0.545786	0.055969	0.584267	0.031219	0.634916	0.033881	0.698335	
885.349976	0.131049	0.509065	0.090893	0.540820	0.054988	0.577615	0.031325	0.633362	0.034664	0.693148	
886.926270	0.128864	0.504124	0.089661	0.537519	0.054227	0.574539	0.031249	0.630171	0.035291	0.685991	
888.502319	0.125893	0.495910	0.087970	0.531192	0.053236	0.568606	0.031139	0.624480	0.036062	0.683190	
890.078308	0.126644	0.501990	0.088281	0.537167	0.053592	0.576832	0.031512	0.630116	0.037380	0.691011	
891.654114	0.124876	0.498372	0.086716	0.532173	0.052868	0.572795	0.031217	0.621579	0.037969	0.683807	
893.229675	0.123846	0.497679	0.085308	0.527836	0.051930	0.566810	0.031151	0.616362	0.038877	0.681663	
894.805054	0.121817	0.492310	0.083966	0.522260	0.051219	0.562060	0.031233	0.613686	0.040219	0.683995	
896.380371	0.123017	0.501442	0.084032	0.528415	0.051528	0.570373	0.031781	0.622017	0.041507	0.689944	
897.955444	0.121209	0.496433	0.082553	0.524151	0.050707	0.566834	0.031732	0.617400	0.042226	0.685699	
899.530396	0.118150	0.487030	0.080831	0.516667	0.049575	0.556989	0.031505	0.609593	0.042920	0.680943	
901.105103	0.116347	0.483100	0.079623	0.514057	0.048673	0.552924	0.031611	0.607097	0.043931	0.679909	
902.679565	0.116383	0.486051	0.080001	0.519290	0.048820	0.556895	0.031992	0.611783	0.045443	0.687180	
904.254028	0.116030	0.488742	0.078812	0.517676	0.048741	0.559612	0.032250	0.611295	0.046481	0.687759	
905.828247	0.112566	0.477859	0.077138	0.508672	0.047674	0.551395	0.032027	0.604105	0.046917	0.677501	
907.402222	0.111230	0.475050	0.076002	0.506349	0.047118	0.549162	0.032272	0.605304	0.048144	0.680363	
908.976196	0.110370	0.474196	0.075075	0.504163	0.046542	0.546163	0.032363	0.602481	0.049155	0.679010	
910.549805	0.109722	0.474710	0.074618	0.505913	0.046326	0.547538	0.032537	0.601238	0.050136	0.678208	
912.123352	0.107348	0.468572	0.072666	0.497479	0.045290	0.538000	0.032521	0.595285	0.050808	0.671679	
913.696655	0.106000	0.465026	0.071726	0.493403	0.044792	0.536824	0.032502	0.590538	0.051355	0.664732	
915.269836	0.103275	0.456982	0.069867	0.487664	0.043810	0.528142	0.032262	0.582109	0.051856	0.657559	
916.842773	0.103290	0.460977	0.069678	0.490282	0.043846	0.532405	0.032885	0.588967	0.053235	0.663001	
918.415649	0.100552	0.452764	0.068136	0.482414	0.042787	0.523418	0.032683	0.580830	0.053676	0.653806	
919.988159	0.099450	0.450436	0.067583	0.481169	0.042548	0.523719	0.032909	0.578689	0.054465	0.652497	
921.560669	0.097285	0.444271	0.065564	0.474134	0.041741	0.516636	0.032619	0.569621	0.054937	0.643681	
923.132935	0.096290	0.444275	0.065423	0.475443	0.041505	0.517339	0.032893	0.569305	0.056182	0.645952	
924.704956	0.094490	0.439718	0.064354	0.472219	0.040765	0.511896	0.033078	0.567939	0.057214	0.644890	
926.276855	0.093182	0.436321	0.063436	0.471049	0.040573	0.511883	0.033115	0.564787	0.058446	0.646860	
927.848511	0.090835	0.429801	0.061923	0.463122	0.039750	0.504740	0.032932	0.556168	0.058301	0.633404	
929.420105	0.090689	0.431590	0.061569	0.465340	0.039678	0.507271	0.033643	0.561793	0.059544	0.636562	
930.991394	0.090438	0.431346	0.061044	0.467087	0.039609	0.508938	0.034037	0.565830	0.060816	0.637672	
932.562622	0.089296	0.430628	0.060401	0.464142	0.039057	0.505462	0.034282	0.563359	0.061747	0.637571	
934.133606	0.087022	0.422690	0.058582	0.454897	0.038317	0.496989	0.034287	0.556275	0.062322	0.629712	
935.704407	0.087114	0.427787	0.058621	0.460544	0.038542	0.502710	0.035138	0.565309	0.063813	0.636789	
937.275024	0.086549	0.428448	0.058623	0.461560	0.038623	0.508065	0.035461	0.566354	0.065512	0.642025	
938.845398	0.083773	0.417163	0.056519	0.451618	0.037735	0.499180	0.035111	0.554664	0.065579	0.632440	
940.415649	0.082160	0.414793	0.055511	0.448977	0.037096	0.492186	0.035191	0.550264	0.066486	0.629230	
941.985657	0.080905	0.410715	0.054342	0.443599	0.036608	0.489882	0.035357	0.548346	0.067391	0.626649	
943.555481	0.079884	0.407424	0.053537	0.441099	0.036267	0.486894	0.035502	0.543778	0.068303	0.626175	
945.125183	0.075967	0.391393	0.050870	0.423508	0.034494	0.466223	0.034652	0.524942	0.067681	0.605401	
946.694641	0.074681	0.387834	0.049810	0.419478	0.033918	0.461648	0.034671	0.520583	0.068410	0.600772	
948.263977	0.073857	0.390097	0.049648	0.421704	0.033972	0.463596	0.035329	0.524196	0.069791	0.605438	
949.833008	0.076566	0.404897	0.050983	0.437604	0.035356	0.485259	0.037197	0.544676	0.073877	0.630853	
951.401978	0.070414	0.378295	0.047148	0.408387	0.032983	0.452830	0.035091	0.510117	0.070430	0.592710	
952.970581	0.070627	0.382133	0.047498	0.414821	0.033483	0.462549	0.036115	0.517561	0.072953	0.602797	
954.539185	0.076963	0.420213	0.051563	0.454928	0.036692	0.508180	0.040003	0.567728	0.081519	0.662770	
956.107544	0.070725	0.388163	0.047252	0.420871	0.033576	0.467284	0.037409	0.526488	0.076549	0.613427	
957.675659	0.061938	0.345532	0.041968	0.375688	0.029807	0.417456	0.034072	0.472047	0.069841	0.552130	
959.243530	0.062175	0.349838	0.042205	0.382530	0.030245	0.422727	0.034915	0.478021	0.071823	0.558477	
960.811340	0.062706	0.353912	0.042374	0.387991	0.030539	0.429373	0.035868	0.486676	0.073778	0.567208	
962.378906	0.061178	0.348245	0.041486	0.383576	0.030105	0.424126	0.035855	0.480993	0.074205	0.562541	
963.946167	0.060055	0.345717	0.040660	0.381836	0.029799	0.420844	0.036246	0.480778	0.075465	0.563456	
965.513367	0.063749	0.371312	0.043029	0.406896	0.031673	0.450900	0.039097	0.514371	0.081928	0.603817	
967.080383	0.064856	0.380050	0.043522	0.415657	0.032290	0.460019	0.040387	0.526569	0.084441	0.617367	
968.647156	0.058489	0.346768	0.039381	0.379481	0.029742	0.424940	0.037914	0.485939	0.079673	0.570201	
970.213684	0.059669	0.356829	0.039860	0.389092	0.030268	0.434727	0.039172	0.498660	0.082710	0.585963	
971.780090	0.057932	0.349699	0.038886	0.382058	0.029695	0.426778	0.039107	0.491167	0.082508	0.574691	
973.346313	0.054674	0.334069	0.036596	0.363626	0.028105	0.406569	0.037743	0.469120	0.080440	0.553729	
974.912231	0.054507	0.336656	0.036368	0.366073	0.028342	0.411217	0.038611	0.475046	0.082412	0.560575	
976.478027	0.055881	0.347732	0.037218	0.377684	0.029103	0.422292	0.040416	0.491578	0.086179	0.578275	
978.043579	0.055077	0.347417	0.036885	0.378385	0.029147	0.423596	0.040956	0.492013	0.087793	0.581768	
979.609009	0.053349	0.339809	0.035908	0.370884	0.028648	0.414571	0.040574	0.481162	0.087537	0.569717	
981.174133	0.054430	0.350606	0.036422	0.381361	0.029545	0.428565	0.042427	0.497738	0.091713	0.588734	
982.739075	0.050475	0.328895	0.033913	0.357630	0.027739	0.404010	0.040435	0.468271	0.087470	0.557672	
984.303833	0.050613	0.333495	0.033944	0.363310	0.028289	0.410850	0.041465	0.475694	0.091071	0.568676	
985.868347	0.051669	0.343429	0.034774	0.375396	0.029153	0.424065	0.043652	0.494311	0.094324	0.586167	
987.432739	0.048542	0.326827	0.032925	0.360160	0.027952	0.407226	0.042417	0.473958	0.092605	0.565693	
988.996887	0.049072	0.334089	0.033374	0.368681	0.028643	0.417656	0.044133	0.487314	0.096194	0.583022	
990.560852	0.038075	0.259227	0.025735	0.286571	0.022189	0.323470	0.034503	0.378511	0.075464	0.454288	
992.124634	0.034593	0.240272	0.023730	0.264283	0.020782	0.300526	0.032552	0.352448	0.071489	0.423168	
993.688171	0.057057	0.399232	0.038931	0.445727	0.034834	0.506925	0.055632	0.593366	0.123232	0.716475	
995.251465	0.054509	0.388642	0.037482	0.431639	0.033747	0.491008	0.054558	0.576813	0.121366	0.695566	
996.814575	0.042866	0.309001	0.029371	0.342156	0.026772	0.390126	0.044031	0.459524	0.097646	0.556341	
998.377563	0.040229	0.291889	0.027358	0.323788	0.025499	0.371155	0.042470	0.437034	0.094407	0.530685	
999.940247	0.040588	0.298727	0.027619	0.329571	0.025980	0.378195	0.043764	0.445731	0.097612	0.540537	
1013.382019	0.028550	0.238725	0.020089	0.268003	0.021781	0.310310	0.040978	0.371150	0.092817	0.458155	
1016.810181	0.027201	0.233806	0.019299	0.263327	0.021653	0.305527	0.041622	0.366867	0.094003	0.454577	
1020.238159	0.025239	0.225970	0.018271	0.255514	0.021271	0.298709	0.042160	0.360384	0.095210	0.448643	
1023.666199	0.024138	0.222366	0.017534	0.250898	0.021131	0.293183	0.042399	0.353805	0.096325	0.442703	
1027.094238	0.022550	0.215630	0.016701	0.245942	0.021093	0.288917	0.043104	0.348460	0.098030	0.439666	
1030.522217	0.021479	0.212829	0.015908	0.240662	0.020961	0.285241	0.043743	0.345765	0.099847	0.437598	
1033.950073	0.019974	0.206444	0.015043	0.234870	0.020772	0.278584	0.044786	0.341137	0.100911	0.431958	
1037.378174	0.018860	0.202330	0.014490	0.231798	0.020515	0.273717	0.044995	0.335823	0.102368	0.428353	
1040.805908	0.017537	0.196693	0.013780	0.226094	0.020511	0.267512	0.045558	0.330347	0.103723	0.423152	
1044.233887	0.016352	0.191902	0.013055	0.219870	0.020361	0.262516	0.045941	0.324780	0.104829	0.419179	
1047.661865	0.015141	0.186000	0.012459	0.215210	0.020384	0.257998	0.046686	0.320206	0.106815	0.416690	
1051.089722	0.014032	0.181388	0.011816	0.210652	0.020307	0.252846	0.047119	0.315554	0.107657	0.411274	
1054.517578	0.012963	0.176954	0.011336	0.206547	0.020360	0.249154	0.047968	0.311563	0.109299	0.408847	
1057.945557	0.011901	0.171191	0.010657	0.199520	0.020181	0.242616	0.047906	0.304502	0.109235	0.399889	
1061.373413	0.010887	0.166566	0.010167	0.195692	0.020125	0.237731	0.048581	0.300313	0.110908	0.396807	
1064.801392	0.010079	0.163809	0.009693	0.191853	0.020278	0.235328	0.049418	0.298752	0.112361	0.395192	
1068.229248	0.009158	0.159746	0.009238	0.188380	0.020449	0.232144	0.050324	0.296334	0.114516	0.394630	
1071.657227	0.008289	0.155134	0.008881	0.183731	0.020349	0.227177	0.050658	0.291380	0.114434	0.386880	
1075.085205	0.007455	0.150439	0.008455	0.179682	0.020412	0.222317	0.051061	0.286445	0.116362	0.385851	
1078.513184	0.006727	0.147058	0.008083	0.175580	0.020407	0.218453	0.051635	0.282499	0.116257	0.379441	
1081.941162	0.005932	0.143214	0.007717	0.171759	0.020465	0.214387	0.052491	0.280753	0.118380	0.379698	
1085.369263	0.005285	0.139633	0.007360	0.167512	0.020494	0.210442	0.052656	0.275593	0.118113	0.372250	
1088.797241	0.004618	0.136011	0.007113	0.164398	0.020551	0.206725	0.053237	0.272216	0.119804	0.371487	
1092.225342	0.004056	0.133647	0.006923	0.162694	0.020854	0.205776	0.053949	0.271131	0.120661	0.368650	
1095.653564	0.003462	0.129196	0.006683	0.158773	0.020979	0.201987	0.054098	0.266587	0.121682	0.366507	
1099.081787	0.002979	0.126466	0.006489	0.155608	0.020998	0.199517	0.054631	0.264367	0.122512	0.364354	
1102.510010	0.002508	0.123821	0.006324	0.152386	0.021149	0.196167	0.055107	0.261747	0.123645	0.362714	
1105.938232	0.002094	0.120758	0.006133	0.149833	0.021233	0.193073	0.055556	0.259561	0.123890	0.359693	
1109.366577	0.001732	0.118528	0.006090	0.147843	0.021499	0.191622	0.055874	0.257235	0.124999	0.358501	
1112.795044	0.001429	0.115914	0.006018	0.145527	0.021618	0.189216	0.056003	0.253992	0.124813	0.354815	
1116.223389	0.001142	0.113822	0.006006	0.143651	0.021735	0.186222	0.056489	0.252032	0.125988	0.354570	
1119.651978	0.000934	0.112336	0.005975	0.141817	0.021968	0.186448	0.056696	0.251131	0.126540	0.353731	
1123.080566	0.000745	0.110490	0.006033	0.140795	0.022227	0.185459	0.057618	0.251831	0.126816	0.351477	
1126.509155	0.000619	0.109917	0.006077	0.139838	0.022564	0.184817	0.057918	0.250641	0.127476	0.351781	
1129.937866	0.000539	0.108533	0.006204	0.138496	0.022692	0.183579	0.058554	0.250751	0.128844	0.353072	
1133.366699	0.000486	0.106640	0.006283	0.137756	0.022980	0.183329	0.058530	0.249319	0.128676	0.351440	
1136.795654	0.000516	0.106279	0.006498	0.137640	0.023356	0.183311	0.059063	0.249779	0.129342	0.352190	
1140.224487	0.000586	0.105636	0.006641	0.136752	0.023379	0.181945	0.059300	0.250044	0.129056	0.350264	
1143.653564	0.000689	0.104761	0.006823	0.136208	0.023693	0.181793	0.059336	0.248772	0.129616	0.351161	
1147.082764	0.000816	0.104740	0.007042	0.136965	0.023997	0.182499	0.059347	0.248604	0.129255	0.350169	
1150.511963	0.001025	0.105807	0.007380	0.137505	0.024320	0.183149	0.060239	0.251262	0.130914	0.355146	
1153.941162	0.001229	0.105309	0.007565	0.137676	0.024656	0.184868	0.060601	0.252783	0.130736	0.355129	
1157.370605	0.001522	0.104969	0.007955	0.137315	0.024731	0.183850	0.060612	0.252676	0.131160	0.356641	
1160.800049	0.001815	0.106348	0.008247	0.139852	0.025375	0.187730	0.061285	0.256094	0.132202	0.360278	
1164.229736	0.002209	0.108143	0.008706	0.141192	0.025775	0.189373	0.061568	0.257631	0.132320	0.361984	
1167.659424	0.002566	0.108498	0.009094	0.143494	0.026107	0.191003	0.061909	0.260083	0.131968	0.362851	
1171.089233	0.003032	0.109905	0.009599	0.145205	0.026369	0.193088	0.062693	0.264436	0.132365	0.365947	
1174.519165	0.003455	0.110912	0.009940	0.146071	0.026556	0.193757	0.062256	0.264054	0.132128	0.367811	
1177.949219	0.003970	0.112325	0.010428	0.147828	0.027078	0.196049	0.062572	0.266780	0.132520	0.371329	
1181.379395	0.004463	0.114116	0.010796	0.149327	0.027309	0.197769	0.063001	0.270032	0.132101	0.372327	
1184.809814	0.005068	0.116172	0.011391	0.152918	0.027935	0.202606	0.063340	0.274012	0.133357	0.378581	
1188.240112	0.005648	0.119023	0.011912	0.155960	0.028293	0.204853	0.063310	0.276356	0.133477	0.382197	
1191.670654	0.006348	0.121681	0.012638	0.159907	0.029030	0.210534	0.063966	0.281836	0.134695	0.389159	
1195.101318	0.006942	0.124258	0.013084	0.162464	0.029237	0.211938	0.064520	0.285822	0.133426	0.389211	
1198.532227	0.007653	0.125962	0.013672	0.165056	0.029666	0.215789	0.064577	0.289064	0.132760	0.390721	
1201.963135	0.008284	0.128781	0.014164	0.167264	0.029904	0.218309	0.064067	0.290000	0.132645	0.394023	
1205.394287	0.009051	0.131600	0.014766	0.170128	0.030390	0.222939	0.064402	0.294219	0.133282	0.399866	
1208.825562	0.009774	0.134334	0.015263	0.173043	0.030684	0.225606	0.064641	0.298569	0.132837	0.402927	
1212.256958	0.010689	0.138666	0.016064	0.177887	0.031531	0.232971	0.065368	0.305027	0.133854	0.410491	
1215.688477	0.011353	0.140911	0.016605	0.180936	0.031603	0.233986	0.064932	0.306132	0.132383	0.410567	
1219.120239	0.012269	0.145083	0.017445	0.186535	0.032310	0.240123	0.065785	0.314524	0.134140	0.420247	
1222.552124	0.013051	0.147601	0.017883	0.188226	0.032364	0.242010	0.065398	0.316432	0.132151	0.419163	
1225.984131	0.013741	0.149253	0.018582	0.192079	0.032672	0.245230	0.065309	0.319655	0.131589	0.421714	
1229.416260	0.014590	0.153467	0.019020	0.194537	0.032994	0.249464	0.065071	0.321768	0.131077	0.425087	
1232.848755	0.015576	0.157496	0.019896	0.199755	0.033733	0.255183	0.065835	0.329589	0.132414	0.434979	
1236.281250	0.016478	0.161316	0.020438	0.202931	0.033969	0.258842	0.066206	0.335538	0.131939	0.438967	
1239.713989	0.017380	0.164784	0.021344	0.208602	0.034318	0.263449	0.065934	0.338762	0.132257	0.444884	
1243.146851	0.018210	0.167604	0.021851	0.211814	0.034657	0.267393	0.065285	0.339566	0.130815	0.445633	
1246.579956	0.019439	0.173395	0.022793	0.218142	0.035447	0.274549	0.066919	0.352827	0.132390	0.456307	
1250.013306	0.020035	0.175488	0.023130	0.219082	0.035523	0.276509	0.065737	0.350152	0.130260	0.453885	
1253.446655	0.021388	0.181368	0.024077	0.224732	0.036079	0.281547	0.066599	0.359557	0.131574	0.463813	
1256.880371	0.022239	0.185065	0.024790	0.229155	0.036609	0.286897	0.066227	0.361421	0.129791	0.464040	
1260.314209	0.023316	0.189312	0.025561	0.234673	0.037058	0.292748	0.066507	0.368219	0.131299	0.475014	
1263.748291	0.024184	0.192526	0.026202	0.238229	0.037307	0.295701	0.066365	0.371481	0.130656	0.478202	
1267.182495	0.025175	0.196340	0.027094	0.243653	0.037749	0.300937	0.066545	0.377297	0.130176	0.482443	
1270.616943	0.026045	0.199629	0.027541	0.246215	0.037952	0.304056	0.065976	0.378383	0.127991	0.480563	
1274.051514	0.027500	0.206793	0.028535	0.251822	0.038769	0.311989	0.066692	0.387890	0.129902	0.494126	
1277.486450	0.028152	0.208236	0.029207	0.256377	0.038740	0.313127	0.066357	0.389619	0.129374	0.496668	
1280.921631	0.029531	0.214824	0.030098	0.261457	0.039399	0.319535	0.066542	0.395692	0.127845	0.498406	
1284.356812	0.030586	0.219093	0.030940	0.266213	0.039923	0.325294	0.067224	0.402236	0.127829	0.503545	
1287.792358	0.031609	0.223187	0.031821	0.272660	0.040521	0.331538	0.067282	0.409762	0.128487	0.512976	
1291.228149	0.032383	0.225125	0.032368	0.275138	0.040609	0.333914	0.066184	0.406549	0.126513	0.509954	
1294.664063	0.033689	0.230787	0.033177	0.279708	0.041312	0.341176	0.066794	0.415816	0.126672	0.517430	
1298.100342	0.034673	0.234841	0.033811	0.283460	0.041483	0.342567	0.066650	0.418664	0.126028	0.520418	
1301.536743	0.035958	0.239542	0.034824	0.289705	0.041841	0.348335	0.066066	0.421191	0.125698	0.526577	
1304.973389	0.036812	0.242723	0.035419	0.292076	0.042379	0.353077	0.066751	0.429745	0.125484	0.531231	
1308.410400	0.037803	0.246206	0.035887	0.294620	0.042328	0.355181	0.066203	0.430952	0.123801	0.530406	
1311.847534	0.039329	0.253301	0.036966	0.300850	0.043141	0.362156	0.066885	0.439780	0.124910	0.540725	
1315.284912	0.040170	0.256159	0.037565	0.304934	0.043620	0.368380	0.066727	0.445344	0.124308	0.545543	
1318.722534	0.041409	0.260818	0.038564	0.310949	0.043681	0.368935	0.066637	0.447431	0.122887	0.545456	
1322.160522	0.042179	0.263385	0.039456	0.316163	0.044253	0.375128	0.066831	0.453995	0.122449	0.549357	
1325.598755	0.043575	0.268588	0.039691	0.315066	0.044608	0.378027	0.065904	0.451564	0.122293	0.554557	
1329.037109	0.044639	0.273390	0.040895	0.323948	0.044770	0.382796	0.066411	0.459935	0.121206	0.557069	
1332.475830	0.044990	0.272145	0.040816	0.321307	0.044474	0.380363	0.065330	0.457139	0.119829	0.556747	
1335.914795	0.046503	0.278632	0.042205	0.330709	0.045226	0.388264	0.066290	0.468799	0.119998	0.565039	
1339.354004	0.047604	0.282311	0.042822	0.333191	0.045544	0.390659	0.065444	0.467391	0.119150	0.565564	
1342.793579	0.048488	0.285938	0.043349	0.335706	0.046109	0.397445	0.065065	0.469854	0.117399	0.564408	
1346.233276	0.050026	0.291851	0.044222	0.340715	0.045987	0.397255	0.065276	0.476091	0.117858	0.573192	
1349.673462	0.051044	0.296291	0.044979	0.344099	0.047004	0.407342	0.065241	0.480317	0.117656	0.578942	
1353.113770	0.052536	0.301326	0.046456	0.353797	0.047380	0.411098	0.065919	0.489146	0.116943	0.581441	
1356.554443	0.053614	0.305476	0.047314	0.358208	0.047670	0.416022	0.065593	0.492201	0.116950	0.589032	
1359.995361	0.054836	0.309539	0.047506	0.358513	0.048564	0.423184	0.065560	0.496406	0.118443	0.601404	
1363.436523	0.055955	0.313965	0.048580	0.364695	0.048600	0.424912	0.065364	0.499191	0.116622	0.599269	
1366.878052	0.056112	0.312416	0.048832	0.365712	0.048131	0.422210	0.064188	0.495048	0.113349	0.589302	
1370.319824	0.056955	0.315489	0.049270	0.366018	0.048667	0.427526	0.064048	0.499208	0.112929	0.593675	
1373.761963	0.058036	0.318656	0.049970	0.370008	0.048826	0.429454	0.063958	0.502993	0.112048	0.594899	
1377.204346	0.059770	0.326304	0.051339	0.377935	0.050187	0.441121	0.064709	0.513451	0.113978	0.612966	
1380.647217	0.061218	0.330957	0.052166	0.382799	0.050015	0.440069	0.064758	0.515467	0.113699	0.617252	
1384.090210	0.062813	0.337282	0.053578	0.390498	0.051134	0.451539	0.064649	0.522554	0.113202	0.621976	
1387.533569	0.063191	0.336888	0.053679	0.389426	0.050619	0.448867	0.063769	0.519902	0.110211	0.612875	
1390.977295	0.064406	0.341594	0.054863	0.397036	0.050920	0.450883	0.063195	0.518734	0.110624	0.620457	
1394.421265	0.065437	0.344445	0.054952	0.394847	0.051412	0.455198	0.063510	0.524050	0.109914	0.622346	
1397.865601	0.066376	0.347913	0.055791	0.400371	0.052047	0.462426	0.063364	0.529854	0.108760	0.625483	
1401.310303	0.066850	0.347133	0.055888	0.398773	0.051765	0.459432	0.063061	0.530162	0.107204	0.621402	
1404.755249	0.067994	0.351732	0.057284	0.407071	0.051801	0.461049	0.063250	0.537154	0.107855	0.632892	
1408.200562	0.068459	0.352360	0.057022	0.403523	0.051983	0.463309	0.062698	0.537124	0.105642	0.626456	
1411.646240	0.069830	0.357819	0.057695	0.407144	0.053101	0.474251	0.062374	0.539398	0.106737	0.639196	
1415.092285	0.070820	0.360115	0.059035	0.414147	0.052545	0.469979	0.062005	0.540026	0.105908	0.641349	
1418.538574	0.072680	0.367656	0.059819	0.419733	0.053776	0.482886	0.062815	0.552207	0.105397	0.645995	
1421.985352	0.073548	0.370561	0.060212	0.419257	0.053453	0.479343	0.062204	0.550864	0.103967	0.642195	
1425.432373	0.074467	0.372511	0.061108	0.425436	0.054205	0.486907	0.062208	0.557566	0.103127	0.646512	
1428.879761	0.074530	0.369932	0.061913	0.427735	0.053965	0.484019	0.061991	0.556375	0.103193	0.650930	
1432.327515	0.075905	0.376885	0.061774	0.426469	0.054469	0.490399	0.061515	0.559617	0.101519	0.649930	
1435.775635	0.076424	0.375974	0.062586	0.429403	0.053995	0.486000	0.061159	0.558610	0.100269	0.649097	
1439.224243	0.078481	0.385312	0.063288	0.433466	0.054493	0.490437	0.060800	0.561806	0.099952	0.653103	
1442.673096	0.078893	0.383792	0.063751	0.434650	0.054661	0.494645	0.060794	0.565648	0.099277	0.655158	
1446.122314	0.080226	0.389384	0.065142	0.443337	0.055641	0.501855	0.061385	0.575688	0.099514	0.665056	
1449.571899	0.081132	0.391759	0.065895	0.445194	0.055642	0.501973	0.060630	0.571705	0.099419	0.669720	
1453.021851	0.082024	0.394941	0.066060	0.445590	0.055187	0.498323	0.060553	0.577932	0.097247	0.663983	
1456.472290	0.081561	0.390049	0.066074	0.442995	0.055321	0.500559	0.059519	0.570724	0.095050	0.655824	
1459.923096	0.082932	0.396105	0.066809	0.448225	0.055609	0.503608	0.059370	0.574078	0.095594	0.665839	
1463.374268	0.083199	0.394351	0.066925	0.446534	0.055973	0.506876	0.059018	0.573406	0.094898	0.667483	
1466.825684	0.084818	0.400792	0.067048	0.446704	0.055995	0.507262	0.059278	0.582563	0.094010	0.669899	
1470.277588	0.085811	0.403954	0.069025	0.456887	0.056707	0.514200	0.058672	0.580584	0.093534	0.671929	
1473.729980	0.086960	0.407726	0.069090	0.457776	0.056767	0.515830	0.059033	0.589878	0.093167	0.679291	
1477.182739	0.087956	0.410143	0.069944	0.460201	0.057019	0.518942	0.058755	0.590792	0.091958	0.676749	
1480.635864	0.089162	0.414441	0.070364	0.462713	0.057404	0.521626	0.058941	0.595937	0.091619	0.680511	
1484.089355	0.090118	0.417183	0.070876	0.463875	0.057391	0.522796	0.057807	0.589515	0.089928	0.675487	
1487.543335	0.091058	0.420347	0.071531	0.467602	0.058161	0.529882	0.057647	0.592162	0.090030	0.684318	
1490.997681	0.091572	0.420158	0.072634	0.472348	0.058141	0.529576	0.058002	0.600932	0.089151	0.684842	
1494.452393	0.092058	0.421708	0.072745	0.473620	0.057733	0.527028	0.057185	0.597290	0.088195	0.685482	
1497.907715	0.092584	0.422308	0.072605	0.470034	0.057464	0.524407	0.056760	0.594763	0.086995	0.682151	
1501.363281	0.095157	0.432635	0.074601	0.482671	0.059303	0.542446	0.056983	0.604231	0.086543	0.688083	
1504.819336	0.093844	0.424487	0.073946	0.475710	0.057880	0.528744	0.056522	0.602749	0.085343	0.684742	
1508.275879	0.097101	0.438085	0.076084	0.489508	0.059661	0.544733	0.057077	0.612496	0.085893	0.698455	
1511.732788	0.097767	0.439088	0.075748	0.484953	0.059729	0.546189	0.056867	0.614256	0.084650	0.692590	
1515.190186	0.098775	0.441991	0.077691	0.496500	0.059813	0.547422	0.056395	0.614634	0.084960	0.705123	
1518.647949	0.099042	0.442165	0.076603	0.487650	0.059248	0.543615	0.056065	0.614006	0.083068	0.695330	
1522.106201	0.100631	0.447563	0.078288	0.498423	0.060052	0.550822	0.056233	0.622905	0.082780	0.704114	
1525.564819	0.099845	0.442081	0.078194	0.495796	0.059790	0.547682	0.055886	0.622773	0.083031	0.711851	
1529.024048	0.101244	0.448255	0.079333	0.500708	0.060673	0.557684	0.055265	0.621078	0.082013	0.712447	
1532.483643	0.101560	0.447300	0.078563	0.495267	0.060311	0.553320	0.054637	0.617311	0.080202	0.701441	
1535.943604	0.103591	0.454505	0.080476	0.506545	0.061507	0.565048	0.055377	0.631042	0.080263	0.711155	
1539.404053	0.103135	0.450577	0.080144	0.502953	0.061184	0.561666	0.054704	0.626768	0.078620	0.702482	
1542.865112	0.104094	0.454614	0.079453	0.497880	0.060944	0.560608	0.054733	0.633400	0.078832	0.715962	
1546.326538	0.104234	0.453585	0.080139	0.499930	0.060667	0.558262	0.054065	0.627005	0.077411	0.707370	
1549.788330	0.104471	0.453881	0.081849	0.511251	0.061257	0.563125	0.053180	0.623077	0.075685	0.701636	
1553.250732	0.104369	0.450572	0.081290	0.504728	0.061237	0.563935	0.052944	0.622489	0.075388	0.706552	
1556.713623	0.108296	0.466801	0.082867	0.513624	0.062065	0.572384	0.054024	0.641780	0.076011	0.720262	
1560.177002	0.108745	0.467983	0.083282	0.515087	0.061878	0.570923	0.054252	0.644932	0.074752	0.716222	
1563.640869	0.107471	0.460415	0.081289	0.502714	0.060549	0.560403	0.052256	0.630293	0.073160	0.711459	
1567.105103	0.108376	0.463017	0.082457	0.506688	0.061101	0.563667	0.052190	0.632058	0.072665	0.710926	
1570.569946	0.109592	0.467795	0.083826	0.516198	0.061652	0.571245	0.052022	0.635306	0.072229	0.718127	
1574.035156	0.108412	0.460623	0.083219	0.510629	0.061203	0.565437	0.051020	0.625879	0.070677	0.709434	
1577.500977	0.112367	0.477957	0.085719	0.526512	0.063312	0.585791	0.052687	0.654592	0.072320	0.734585	
1580.967163	0.110658	0.468818	0.084207	0.515216	0.061808	0.569873	0.051664	0.642415	0.069615	0.712709	
1584.433960	0.111811	0.472723	0.084833	0.517288	0.062243	0.577728	0.050785	0.637507	0.069643	0.723693	
1587.901245	0.112416	0.473156	0.084654	0.515926	0.062050	0.574200	0.050617	0.640094	0.069284	0.725942	
1591.369019	0.112532	0.473541	0.087193	0.530624	0.063408	0.587582	0.050455	0.641589	0.068340	0.727258	
1594.837402	0.113375	0.473667	0.086804	0.527812	0.062217	0.578266	0.049824	0.636560	0.067972	0.730677	
1598.306152	0.115440	0.482498	0.088135	0.532529	0.063249	0.587551	0.050860	0.655070	0.067924	0.737959	
1601.775513	0.116424	0.486054	0.087281	0.527974	0.063765	0.591619	0.050655	0.657800	0.067158	0.739981	
1605.245361	0.117551	0.490232	0.089679	0.540760	0.065202	0.606390	0.051441	0.672242	0.067260	0.747671	
1608.715698	0.117607	0.488748	0.089732	0.540640	0.064018	0.596641	0.050321	0.658583	0.066150	0.744691	
1612.186768	0.116649	0.485222	0.089911	0.541318	0.063420	0.590857	0.049865	0.663628	0.064965	0.742938	
1615.658081	0.117272	0.484860	0.088401	0.529698	0.063001	0.585650	0.049180	0.655522	0.063940	0.737151	
1619.130127	0.120031	0.494774	0.090486	0.543829	0.064875	0.604540	0.049512	0.667339	0.064098	0.750549	
1622.602661	0.120658	0.497158	0.090479	0.541646	0.063879	0.595406	0.049477	0.668089	0.062270	0.737195	
1626.075684	0.120246	0.493963	0.090156	0.538753	0.063963	0.598366	0.049232	0.670883	0.062525	0.749795	
1629.549194	0.120753	0.495271	0.091214	0.544004	0.064175	0.599011	0.048406	0.664634	0.061315	0.741461	
1633.023438	0.123696	0.506048	0.092954	0.554396	0.065206	0.608558	0.048933	0.676069	0.061334	0.751539	
1636.498169	0.124239	0.506963	0.092373	0.551156	0.064726	0.605277	0.048608	0.677990	0.060698	0.753012	
1639.973389	0.121699	0.497034	0.092537	0.550454	0.064397	0.601032	0.048144	0.673335	0.059790	0.751509	
1643.449219	0.124282	0.505868	0.093538	0.556810	0.065191	0.610791	0.048218	0.679458	0.059826	0.761400	
1646.925537	0.125025	0.508150	0.093879	0.557201	0.064388	0.602596	0.047793	0.677871	0.059555	0.763476	
1650.402588	0.124747	0.504749	0.092438	0.545769	0.064841	0.608049	0.047106	0.673410	0.057607	0.749246	
1653.880127	0.123959	0.503154	0.092939	0.549978	0.065724	0.614825	0.046260	0.666597	0.057634	0.758531	
1657.358032	0.127603	0.515633	0.095086	0.560001	0.066039	0.621473	0.046472	0.675484	0.057177	0.766475	
1660.836670	0.129224	0.522602	0.096638	0.571043	0.067580	0.634779	0.047341	0.690100	0.057342	0.774341	
1664.316040	0.130109	0.523553	0.098382	0.578869	0.067958	0.638907	0.047539	0.698234	0.057792	0.789151	
1667.795654	0.134397	0.541885	0.099739	0.587365	0.067956	0.639257	0.047994	0.709778	0.057692	0.796529	
1671.276123	0.139820	0.561418	0.103481	0.607233	0.070977	0.667964	0.049552	0.737010	0.058873	0.822529	
1674.757080	0.147314	0.590397	0.110682	0.649900	0.076092	0.717808	0.052382	0.785935	0.061374	0.871381	
1678.238647	0.156719	0.625461	0.116024	0.681643	0.078779	0.746780	0.054702	0.827744	0.064254	0.926026	
1681.720947	0.165708	0.665104	0.125580	0.737823	0.085510	0.806197	0.058608	0.890801	0.069694	1.012262	
1685.203491	0.178231	0.711451	0.134149	0.784884	0.090015	0.852340	0.061800	0.949144	0.072856	1.073171	
1688.686890	0.184480	0.737805	0.138720	0.812635	0.093229	0.883165	0.064089	0.981143	0.074319	1.098472	