0.750 1653.12 5.983621 0.000000 2.446144 0.000000 0.273 3.822 0.000 0.00000 0.13301 0.0 0.0 
0.800 1549.80 6.005320 0.000000 2.450575 0.000000 0.273 3.761 0.000 0.00000 0.13092 0.0 0.0 
0.850 1458.64 6.028807 0.000000 2.455363 0.000000 0.273 3.697 0.000 0.00000 0.12867 0.0 0.0 
0.900 1377.60 6.054171 0.000000 2.460523 0.000000 0.274 3.627 0.000 0.00000 0.12626 0.0 0.0 
0.950 1305.10 6.081513 0.000000 2.466072 0.000000 0.274 3.552 0.000 0.00000 0.12366 0.0 0.0 
1.000 1239.84 6.110943 0.000000 2.472032 0.000000 0.275 3.471 0.000 0.00000 0.12088 0.0 0.0 
1.050 1180.80 6.142593 0.000000 2.478425 0.000000 0.275 3.386 0.000 0.00000 0.11791 0.0 0.0 
1.100 1127.13 6.176610 0.000000 2.485279 0.000000 0.276 3.294 0.000 0.00000 0.11473 0.0 0.0 
1.150 1078.12 6.213162 0.000000 2.492622 0.000000 0.276 3.196 0.000 0.00000 0.11133 0.0 0.0 
1.200 1033.20 6.252443 0.000000 2.500489 0.000000 0.277 3.091 0.000 0.00000 0.10770 0.0 0.0 
1.250 991.87 6.294682 0.000000 2.508920 0.000000 0.277 2.980 0.000 0.00000 0.10383 0.0 0.0 
1.300 953.72 6.340141 0.000000 2.517964 0.000000 0.278 2.861 0.000 0.00000 0.09969 0.0 0.0 
1.350 918.40 6.389140 0.000000 2.527675 0.000000 0.279 2.733 0.000 0.00000 0.09526 0.0 0.0 
1.400 885.60 6.442056 0.000000 2.538121 0.000000 0.279 2.597 0.000 0.00000 0.09052 0.0 0.0 
1.450 855.06 6.499358 0.000000 2.549384 0.000000 0.280 2.450 0.000 0.00000 0.08543 0.0 0.0 
1.500 826.56 6.561628 0.000000 2.561568 0.000000 0.281 2.293 0.000 0.00000 0.07996 0.0 0.0 
1.550 799.90 6.629626 0.000000 2.574806 0.000000 0.282 2.123 0.000 0.00000 0.07404 0.0 0.0 
1.600 774.90 6.704365 0.000000 2.589279 0.000000 0.283 1.938 0.000 0.00000 0.06761 0.0 0.0 
1.650 751.42 6.787316 0.000000 2.605248 0.000000 0.284 1.736 0.000 0.00000 0.06057 0.0 0.0 
1.700 729.32 6.880850 0.000000 2.623137 0.000000 0.285 1.511 0.000 0.00000 0.05273 0.0 0.0 
1.750 708.48 6.990187 0.000000 2.643896 0.000000 0.287 1.253 0.000 0.00000 0.04372 0.0 0.0 
1.800 688.80 7.124922 0.013318 2.669256 0.002495 0.288 0.941 1.860 0.00107 0.03283 219727.7 455.1 
1.850 670.18 7.270591 0.051603 2.696420 0.009569 0.290 0.621 10.743 0.00404 0.02128 55738.4 1794.1 
1.900 652.55 7.419184 0.112511 2.723896 0.020653 0.292 0.372 41.487 0.00861 0.00973 25145.3 3976.9 
1.950 635.82 7.566414 0.193890 2.750937 0.035241 0.294 0.418 96.071 0.01450 -0.00154 14358.4 6964.6 
2.000 619.92 7.709407 0.293752 2.777086 0.052889 0.295 0.711 119.932 0.02150 -0.01238 9328.1 10720.3 
2.050 604.80 7.846082 0.410254 2.802042 0.073206 0.297 1.064 127.649 0.02941 -0.02269 6574.8 15209.5 
2.100 590.40 7.974871 0.541676 2.825608 0.095851 0.299 1.434 130.418 0.03809 -0.03244 4902.0 20400.0 
2.150 576.67 8.094572 0.686409 2.847648 0.120522 0.300 1.808 131.272 0.04739 -0.04159 3807.9 26261.5 
2.200 563.56 8.204255 0.842940 2.868074 0.146952 0.302 2.182 131.241 0.05721 -0.05016 3052.0 32765.2 
2.250 551.04 8.303200 1.009844 2.886831 0.174905 0.303 2.555 130.755 0.06747 -0.05814 2507.3 39884.1 
2.300 539.06 8.390862 1.185770 2.903885 0.204170 0.305 2.926 130.020 0.07807 -0.06556 2101.2 47591.9 
2.350 527.59 8.466834 1.369439 2.919221 0.234556 0.306 3.294 129.145 0.08897 -0.07242 1790.1 55863.5 
2.400 516.60 8.530827 1.559636 2.932836 0.265892 0.308 3.659 128.192 0.10011 -0.07875 1546.2 64674.2 
2.450 506.06 8.582655 1.755205 2.944737 0.298024 0.309 4.021 127.196 0.11143 -0.08457 1351.4 74000.0 
2.500 495.94 8.622223 1.955046 2.954938 0.330810 0.310 4.379 126.181 0.12290 -0.08989 1193.1 83817.1 
2.550 486.21 8.649512 2.158111 2.963460 0.364120 0.312 4.734 125.161 0.13450 -0.09474 1062.7 94102.0 
2.600 476.86 8.664577 2.363402 2.970328 0.397835 0.313 5.086 124.143 0.14618 -0.09913 953.9 104831.3 
2.650 467.86 8.667533 2.569973 2.975571 0.431845 0.314 5.435 123.135 0.15792 -0.10308 862.2 115981.4 
2.700 459.20 8.658556 2.776925 2.979221 0.466049 0.315 5.780 122.140 0.16970 -0.10661 784.1 127529.1 
2.750 450.85 8.637876 2.983405 2.981313 0.500351 0.317 6.123 121.159 0.18150 -0.10974 717.1 139451.0 
2.800 442.80 8.605764 3.188608 2.981884 0.534663 0.318 6.462 120.195 0.19330 -0.11248 659.1 151723.4 
2.850 435.03 8.562543 3.391779 2.980972 0.568905 0.319 6.797 119.247 0.20509 -0.11484 608.6 164323.1 
2.900 427.53 8.508571 3.592207 2.978620 0.602998 0.320 7.130 118.316 0.21685 -0.11684 564.3 177226.4 
2.950 420.29 8.444241 3.789230 2.974869 0.636873 0.321 7.460 117.402 0.22857 -0.11849 525.2 190409.8 
3.000 413.28 8.369981 3.982234 2.969765 0.670463 0.322 7.786 116.504 0.24025 -0.11980 490.6 203849.7 
3.050 406.51 8.286242 4.170651 2.963350 0.703705 0.323 8.110 115.623 0.25186 -0.12079 459.7 217522.9 
3.100 399.95 8.193505 4.353965 2.955673 0.736544 0.325 8.431 114.757 0.26340 -0.12147 432.1 231405.9 
3.150 393.60 8.092266 4.531703 2.946780 0.768925 0.326 8.748 113.907 0.27486 -0.12184 407.4 245475.7 
3.200 387.45 7.983041 4.703443 2.936719 0.800799 0.327 9.063 113.071 0.28623 -0.12192 385.0 259709.4 
3.250 381.49 7.866358 4.868808 2.925540 0.832121 0.328 9.375 112.250 0.29751 -0.12171 364.9 274084.3 
3.300 375.71 7.742754 5.027470 2.913291 0.862851 0.329 9.684 111.442 0.30869 -0.12123 346.5 288578.3 
3.350 370.10 7.612774 5.179144 2.900023 0.892949 0.330 9.991 110.647 0.31977 -0.12049 329.8 303169.5 
3.400 364.66 7.476963 5.323592 2.885784 0.922382 0.331 10.294 109.864 0.33073 -0.11949 314.6 317836.7 
3.450 359.37 7.335869 5.460619 2.870627 0.951120 0.332 10.595 109.094 0.34157 -0.11824 300.7 332558.8 
3.500 354.24 7.190034 5.590073 2.854600 0.979134 0.333 10.893 108.336 0.35228 -0.11675 287.9 347315.8 
3.550 349.25 7.039996 5.711839 2.837753 1.006402 0.334 11.188 107.588 0.36288 -0.11503 276.2 362087.9 
3.600 344.40 6.886281 5.825846 2.820136 1.032902 0.336 11.480 106.852 0.37333 -0.11308 265.4 376856.2 
3.650 339.68 6.729407 5.932055 2.801798 1.058616 0.337 11.769 106.126 0.38366 -0.11092 255.4 391602.4 
3.700 335.09 6.569878 6.030465 2.782789 1.083529 0.338 12.056 105.409 0.39384 -0.10855 246.1 406309.0 
3.750 330.62 6.408180 6.121106 2.763155 1.107630 0.339 12.340 104.703 0.40389 -0.10598 237.6 420959.4 
3.800 326.27 6.244782 6.204040 2.742943 1.130909 0.340 12.622 104.006 0.41378 -0.10321 229.6 435537.5 
3.850 322.04 6.080139 6.279353 2.722201 1.153360 0.341 12.900 103.318 0.42353 -0.10026 222.2 450028.1 
3.900 317.91 5.914679 6.347162 2.700972 1.174977 0.342 13.176 102.638 0.43313 -0.09712 215.3 464417.2 
3.950 313.88 5.748814 6.407602 2.679301 1.195760 0.343 13.449 101.968 0.44258 -0.09381 208.9 478691.0 
4.000 309.96 5.582932 6.460834 2.657231 1.215708 0.344 13.720 101.305 0.45187 -0.09033 202.9 492837.1 
4.050 306.13 5.417399 6.507032 2.634803 1.234823 0.345 13.988 100.650 0.46101 -0.08670 197.3 506843.6 
4.100 302.40 5.252558 6.546391 2.612057 1.253110 0.346 14.253 100.004 0.46999 -0.08290 192.0 520699.6 
4.150 298.76 5.088728 6.579117 2.589032 1.270575 0.347 14.515 99.364 0.47881 -0.07896 187.1 534395.1 
4.200 295.20 4.926206 6.605429 2.565765 1.287224 0.348 14.775 98.733 0.48747 -0.07488 182.5 547920.5 
4.250 291.73 4.765265 6.625556 2.542292 1.303067 0.349 15.032 98.108 0.49597 -0.07066 178.2 561267.6 
4.300 288.34 4.606157 6.639732 2.518647 1.318115 0.350 15.287 97.490 0.50431 -0.06631 174.1 574428.4 
4.350 285.02 4.449112 6.648202 2.494863 1.332378 0.351 15.539 96.880 0.51249 -0.06183 170.2 587395.9 
4.400 281.78 4.294333 6.651212 2.470971 1.345870 0.352 15.789 96.275 0.52051 -0.05724 166.6 600164.0 
4.450 278.62 4.142012 6.649011 2.447001 1.358604 0.353 16.035 95.678 0.52836 -0.05253 163.2 612727.0 
4.500 275.52 3.992309 6.641848 2.422981 1.370594 0.354 16.280 95.087 0.53606 -0.04772 160.0 625080.0 
4.550 272.49 3.845374 6.629975 2.398938 1.381857 0.355 16.522 94.502 0.54359 -0.04280 156.9 637218.8 
4.600 269.53 3.701334 6.613641 2.374896 1.392407 0.356 16.761 93.923 0.55096 -0.03778 154.1 649139.6 
4.650 266.63 3.560299 6.593092 2.350879 1.402261 0.357 16.998 93.350 0.55817 -0.03268 151.3 660839.4 
4.700 263.80 3.422363 6.568572 2.326911 1.411436 0.359 17.232 92.784 0.56521 -0.02748 148.7 672315.7 
4.750 261.02 3.287602 6.540318 2.303011 1.419950 0.360 17.464 92.223 0.57210 -0.02220 146.3 683566.4 
4.800 258.30 3.156079 6.508566 2.279199 1.427819 0.361 17.693 91.667 0.57883 -0.01685 144.0 694590.1 
4.850 255.64 3.027846 6.473544 2.255493 1.435062 0.362 17.920 91.118 0.58541 -0.01142 141.8 705385.5 
4.900 253.03 2.902935 6.435472 2.231910 1.441696 0.362 18.144 90.573 0.59182 -0.00592 139.7 715952.1 
4.950 250.47 2.781373 6.394567 2.208466 1.447740 0.363 18.366 90.034 0.59808 -0.00036 137.7 726289.6 
5.000 247.97 2.663170 6.351038 2.185175 1.453210 0.364 18.586 89.501 0.60419 0.00526 135.8 736398.2 
5.050 245.51 2.548331 6.305085 2.162051 1.458126 0.365 18.803 88.972 0.61014 0.01094 134.0 746278.0 
5.100 243.11 2.436851 6.256903 2.139105 1.462505 0.366 19.018 88.449 0.61594 0.01668 132.3 755930.1 
5.150 240.75 2.328712 6.206676 2.116349 1.466364 0.367 19.231 87.931 0.62159 0.02246 130.7 765355.3 
5.200 238.43 2.223893 6.154583 2.093794 1.469721 0.368 19.442 87.418 0.62710 0.02828 129.1 774555.1 
5.250 236.16 2.122364 6.100795 2.071447 1.472592 0.369 19.650 86.909 0.63245 0.03415 127.6 783530.8 
5.300 233.93 2.024090 6.045474 2.049318 1.474996 0.370 19.856 86.406 0.63766 0.04005 126.2 792284.3 
5.350 231.75 1.929032 5.988776 2.027415 1.476949 0.371 20.059 85.907 0.64273 0.04599 124.9 800817.3 
5.400 229.60 1.837140 5.930847 2.005743 1.478467 0.372 20.261 85.413 0.64765 0.05196 123.6 809132.2 
5.450 227.49 1.748366 5.871828 1.984308 1.479565 0.373 20.460 84.923 0.65243 0.05796 122.4 817231.0 
5.500 225.43 1.662657 5.811850 1.963117 1.480261 0.374 20.657 84.438 0.65708 0.06398 121.2 825116.1 
5.550 223.39 1.579954 5.751040 1.942173 1.480568 0.375 20.852 83.958 0.66158 0.07003 120.1 832790.2 
5.600 221.40 1.500198 5.689516 1.921481 1.480503 0.376 21.045 83.481 0.66595 0.07610 119.0 840255.8 
5.650 219.44 1.423327 5.627388 1.901042 1.480079 0.377 21.235 83.009 0.67019 0.08218 118.0 847515.5 
5.700 217.52 1.349278 5.564762 1.880862 1.479312 0.378 21.424 82.542 0.67430 0.08827 117.0 854572.2 
5.750 215.62 1.277984 5.501737 1.860941 1.478214 0.379 21.611 82.078 0.67828 0.09438 116.1 861428.6 
5.800 213.77 1.209380 5.438404 1.841281 1.476799 0.380 21.795 81.619 0.68213 0.10050 115.2 868087.7 
5.850 211.94 1.143398 5.374851 1.821884 1.475081 0.380 21.978 81.164 0.68586 0.10662 114.3 874552.3 
5.900 210.14 1.079970 5.311158 1.802750 1.473071 0.381 22.158 80.712 0.68946 0.11275 113.5 880825.5 
5.950 208.38 1.019029 5.247400 1.783881 1.470782 0.382 22.337 80.265 0.69294 0.11888 112.8 886910.1 
6.000 206.64 0.960505 5.183649 1.765275 1.468227 0.383 22.513 79.822 0.69630 0.12501 112.0 892809.2 
6.050 204.93 0.904332 5.119968 1.746933 1.465416 0.384 22.688 79.382 0.69954 0.13114 111.3 898525.7 
6.100 203.25 0.850442 5.056420 1.728855 1.462361 0.385 22.860 78.946 0.70267 0.13727 110.6 904062.7 
6.150 201.60 0.798767 4.993060 1.711040 1.459072 0.386 23.031 78.514 0.70568 0.14339 110.0 909423.1 
6.200 199.97 0.749241 4.929940 1.693486 1.455560 0.387 23.200 78.086 0.70858 0.14950 109.3 914609.9 
6.250 198.37 0.701799 4.867108 1.676193 1.451834 0.387 23.367 77.661 0.71137 0.15561 108.7 919626.0 
6.300 196.80 0.656375 4.804608 1.659158 1.447905 0.388 23.533 77.240 0.71405 0.16171 108.2 924474.5 
6.350 195.25 0.612908 4.742481 1.642381 1.443782 0.389 23.696 76.822 0.71663 0.16779 107.6 929158.1 
6.400 193.73 0.571333 4.680763 1.625859 1.439474 0.390 23.858 76.408 0.71910 0.17386 107.1 933679.7 
6.450 192.22 0.531590 4.619489 1.609591 1.434989 0.391 24.018 75.997 0.72147 0.17992 106.6 938042.2 
6.500 190.74 0.493617 4.558690 1.593574 1.430335 0.391 24.176 75.590 0.72374 0.18596 106.1 942248.5 
